Car 0.0 0 -0.46 47.02 181.73 313.98 292.92 1.57 1.70 4.21 -6.48 1.69 10.69 -1.00 0.07
Car 0.0 0 1.04 744.02 183.89 950.55 301.58 1.54 1.59 3.78 3.20 1.70 10.37 1.34 0.07
Car 0.0 0 0.95 204.82 171.61 370.15 261.99 1.55 1.61 3.89 -6.15 1.55 13.53 0.53 0.06
Car 0.0 0 -0.45 -21.85 186.63 236.94 284.64 1.60 1.74 4.35 -8.65 1.84 12.32 -1.06 0.06
Car 0.0 0 -0.45 -5.68 182.82 263.26 289.00 1.60 1.73 4.31 -8.27 1.84 12.35 -1.04 0.06
Car 0.0 0 1.08 451.41 175.02 501.27 204.99 1.58 1.62 3.92 -7.17 1.71 38.34 0.90 0.02
Car 0.0 0 0.89 830.18 183.38 1074.42 290.87 1.57 1.68 4.13 5.12 1.71 11.03 1.33 0.06
Car 0.0 0 1.00 730.30 185.09 892.20 271.36 1.52 1.59 3.83 3.46 1.71 12.99 1.26 0.05
Car 0.0 0 -1.65 1098.71 185.97 1172.40 232.81 1.53 1.56 3.72 19.42 2.11 26.74 -1.02 0.03
Car 0.0 0 -0.46 784.68 179.40 1056.70 295.96 1.59 1.72 4.23 4.39 1.69 10.54 -0.06 0.06
