Car 0.0 0 -1.61 680.71 178.09 746.39 234.43 1.53 1.54 3.48 3.07 1.76 22.06 -1.47 0.07
Car 0.0 0 1.16 757.35 171.48 948.75 302.57 1.56 1.60 3.71 2.91 1.54 9.61 1.46 0.14
Car 0.0 0 0.90 219.61 176.52 424.51 262.84 1.60 1.71 4.25 -5.85 1.70 14.43 0.52 0.08
Car 0.0 0 0.87 237.11 175.83 441.27 264.42 1.58 1.69 4.17 -5.26 1.65 13.88 0.51 0.08
Car 0.0 0 2.21 412.21 166.69 546.04 231.96 1.56 1.64 4.00 -3.47 1.44 18.90 2.03 0.06
Car 0.0 0 2.25 317.47 173.03 486.52 250.89 1.56 1.65 4.07 -4.64 1.60 15.90 1.97 0.06
Car 0.0 0 2.17 359.48 171.71 510.69 234.02 1.56 1.65 4.07 -4.86 1.59 20.00 1.94 0.05
Car 0.0 0 1.49 684.00 169.63 795.55 236.52 1.56 1.61 3.86 3.41 1.56 19.29 1.67 0.05
Car 0.0 0 0.88 60.46 184.73 330.02 298.90 1.55 1.68 4.15 -5.93 1.68 10.04 0.35 0.07
Car 0.0 0 -0.46 3.28 183.49 266.46 290.30 1.58 1.71 4.24 -7.28 1.71 10.95 -1.04 0.06
Car 0.0 0 -0.45 -27.67 183.89 248.93 298.33 1.57 1.70 4.21 -7.33 1.72 10.42 -1.06 0.06
Car 0.0 0 -0.48 444.87 172.49 559.03 214.47 1.57 1.65 4.08 -4.39 1.64 29.24 -0.62 0.03
