Car 0.0 0 1.26 481.87 178.95 539.66 228.18 1.55 1.56 3.60 -3.51 1.41 25.43 1.13 0.08
Car 0.0 0 1.50 335.66 176.19 477.18 276.91 1.55 1.59 3.72 -3.72 1.47 13.26 1.23 0.11
Car 0.0 0 0.99 71.55 172.21 253.47 282.33 1.53 1.59 3.78 -6.54 1.30 10.42 0.44 0.12
Car 0.0 0 2.17 103.82 171.15 304.24 274.95 1.58 1.66 4.02 -6.99 1.38 12.45 1.66 0.09
Car 0.0 0 2.08 265.86 175.49 409.73 257.95 1.57 1.62 3.92 -5.87 1.41 15.58 1.72 0.06
Car 0.0 0 -1.64 570.57 169.59 631.36 220.93 1.52 1.53 3.55 -0.35 1.10 26.22 -1.65 0.04
Car 0.0 0 -1.72 318.18 177.55 460.51 272.62 1.50 1.53 3.59 -4.19 1.43 13.16 -2.02 0.06
Car 0.0 0 1.43 432.05 177.35 487.08 211.66 1.55 1.58 3.81 -7.44 1.25 35.89 1.23 0.02
Car 0.0 0 2.13 210.25 174.01 355.39 241.48 1.55 1.63 3.98 -8.49 1.34 18.80 1.71 0.04
Car 0.0 0 -2.06 235.88 177.40 373.57 244.50 1.58 1.65 4.00 -8.58 1.50 20.23 -2.46 0.04
