Car 0.0 0 1.41 787.97 192.52 993.41 348.42 1.50 1.51 3.41 3.26 1.79 8.55 1.78 0.13
Car 0.0 0 2.16 730.36 173.08 880.47 252.18 1.57 1.64 4.00 4.39 1.62 16.09 2.43 0.06
Car 0.0 0 1.61 682.61 169.26 793.21 237.56 1.57 1.62 3.89 3.44 1.56 19.48 1.79 0.05
Car 0.0 0 -1.66 631.11 174.20 671.42 205.79 1.61 1.63 3.92 2.10 1.72 38.20 -1.60 0.02
Car 0.0 0 0.96 421.78 171.81 535.86 224.59 1.55 1.61 3.93 -4.36 1.60 23.79 0.78 0.04
Car 0.0 0 0.94 833.12 168.62 1052.22 275.94 1.55 1.64 3.97 4.67 1.43 10.54 1.36 0.07
Car 0.0 0 -0.47 850.53 172.31 1069.11 267.84 1.61 1.71 4.20 6.40 1.64 13.29 -0.02 0.06
Car 0.0 0 -1.60 675.37 177.53 881.73 320.78 1.47 1.49 3.41 1.93 1.54 8.55 -1.37 0.08
Car 0.0 0 0.92 257.79 174.09 452.01 259.27 1.53 1.63 4.03 -4.78 1.51 12.99 0.57 0.06
Car 0.0 0 0.92 260.93 172.10 479.28 270.68 1.54 1.65 4.04 -4.00 1.48 11.34 0.58 0.06
Car 0.0 0 0.97 802.73 168.73 1005.50 275.77 1.50 1.58 3.79 3.84 1.37 9.88 1.35 0.07
Car 0.0 0 2.16 748.49 172.51 909.10 253.40 1.56 1.63 3.99 4.70 1.59 15.41 2.46 0.05
