Car 0.0 0 1.56 381.02 160.80 568.57 278.21 1.57 1.62 3.85 -2.15 1.42 11.21 1.37 0.11
Car 0.0 0 1.02 604.90 167.54 656.69 196.34 1.57 1.61 3.93 1.12 1.31 40.22 1.05 0.03
Car 0.0 0 1.49 499.77 174.84 574.18 229.43 1.58 1.61 3.84 -2.67 1.82 26.24 1.39 0.04
Car 0.0 0 -1.73 726.95 159.25 843.44 242.63 1.51 1.53 3.57 3.34 1.27 14.58 -1.50 0.06
Car 0.0 0 -1.74 721.76 159.89 871.08 268.84 1.51 1.53 3.55 2.87 1.37 12.01 -1.51 0.07
Car 0.0 0 1.58 527.13 168.34 591.50 211.06 1.57 1.60 3.85 -2.12 1.48 30.60 1.51 0.03
Car 0.0 0 -1.82 720.32 168.00 858.60 276.49 1.50 1.51 3.46 2.53 1.45 11.37 -1.60 0.07
Car 0.0 0 2.00 544.40 167.46 605.18 204.35 1.57 1.61 3.90 -1.66 1.41 34.76 1.96 0.02
Car 0.0 0 0.90 96.86 180.86 361.41 304.68 1.54 1.64 4.00 -5.36 1.66 9.88 0.41 0.07
Car 0.0 0 -0.45 25.08 174.43 311.04 291.14 1.60 1.73 4.29 -6.91 1.68 11.20 -1.00 0.06
