Car 0.0 0 -1.55 535.34 177.94 602.75 237.35 1.55 1.56 3.47 -1.21 1.39 20.86 -1.60 0.10
Car 0.0 0 -1.55 433.93 180.34 492.81 233.06 1.53 1.54 3.46 -4.66 1.43 22.94 -1.75 0.07
Car 0.0 0 1.32 328.21 181.45 383.77 224.11 1.54 1.57 3.74 -10.25 1.48 29.03 0.98 0.05
Car 0.0 0 2.11 159.16 163.67 294.96 236.77 1.56 1.62 3.93 -9.06 1.09 17.18 1.62 0.06
Car 0.0 0 1.52 360.01 181.96 410.29 214.58 1.57 1.61 3.90 -11.95 1.50 38.59 1.22 0.03
Car 0.0 0 2.06 207.58 182.25 331.57 248.93 1.56 1.62 3.93 -9.42 1.59 20.16 1.62 0.05
Car 0.0 0 0.96 185.17 179.09 329.99 251.09 1.57 1.64 3.97 -9.05 1.52 18.51 0.51 0.05
Car 0.0 0 0.89 -3.79 195.33 187.41 286.89 1.56 1.65 4.03 -9.75 1.78 13.49 0.27 0.06
Car 0.0 0 0.90 120.29 169.44 324.41 265.09 1.56 1.65 4.03 -7.00 1.31 12.98 0.41 0.05
Car 0.0 0 -1.04 -38.84 196.29 219.81 329.47 1.57 1.64 3.93 -7.56 1.83 10.35 -1.67 0.06
