Car 0.0 0 -1.62 634.04 173.96 674.73 206.16 1.58 1.61 3.85 2.15 1.65 35.97 -1.56 0.03
Car 0.0 0 2.15 771.92 174.18 931.32 259.61 1.54 1.61 3.90 4.67 1.58 14.09 2.47 0.07
Car 0.0 0 1.56 696.97 169.10 805.08 237.80 1.56 1.60 3.84 3.61 1.53 18.76 1.75 0.05
Car 0.0 0 0.94 857.34 170.94 1091.27 292.48 1.54 1.62 3.91 4.55 1.45 9.28 1.40 0.08
Car 0.0 0 0.91 397.30 169.24 528.21 227.72 1.55 1.62 3.97 -4.37 1.51 21.31 0.71 0.04
Car 0.0 0 -0.46 877.55 170.10 1149.99 289.40 1.59 1.71 4.18 5.94 1.59 10.79 0.04 0.07
Car 0.0 0 0.94 857.48 213.41 1277.55 447.97 1.78 1.84 4.29 5.66 2.70 9.15 1.50 0.07
Car 0.0 0 0.97 289.85 157.70 394.03 217.61 1.54 1.59 3.84 -8.43 1.20 22.38 0.62 0.04
Car 0.0 0 2.10 789.59 174.00 970.06 270.17 1.54 1.61 3.89 4.80 1.57 12.67 2.46 0.06
Car 0.0 0 1.98 681.34 190.89 941.57 350.47 1.49 1.52 3.52 2.37 1.74 8.17 2.27 0.07
