Car 0.0 0 -1.63 628.13 183.41 665.22 212.31 1.59 1.62 3.91 1.90 2.15 38.64 -1.57 0.03
Car 0.0 0 2.19 103.67 195.20 296.70 287.63 1.58 1.67 4.11 -7.36 1.97 13.10 1.68 0.06
Car 0.0 0 0.88 144.24 192.22 331.84 270.00 1.57 1.67 4.14 -8.14 2.02 15.72 0.40 0.05
Car 0.0 0 1.51 496.81 181.22 553.82 213.37 1.56 1.60 3.89 -4.42 2.06 37.56 1.40 0.02
Car 0.0 0 -1.80 702.80 184.32 905.85 330.51 1.51 1.53 3.49 2.02 1.66 8.52 -1.56 0.08
Car 0.0 0 2.18 246.22 184.76 446.51 281.90 1.55 1.64 4.00 -4.32 1.71 11.90 1.84 0.06
Car 0.0 0 2.20 113.46 205.09 493.35 415.69 1.71 1.78 4.19 -3.80 2.43 9.18 1.81 0.07
Car 0.0 0 2.11 430.60 174.14 541.69 231.61 1.55 1.61 3.91 -3.99 1.71 23.15 1.94 0.03
Car 0.0 0 -1.65 728.89 187.57 928.42 335.21 1.48 1.48 3.37 2.51 1.70 8.64 -1.36 0.07
Car 0.0 0 -1.81 712.15 197.44 911.37 348.11 1.48 1.47 3.32 2.09 1.81 8.45 -1.56 0.07
