Car 0.0 0 0.89 109.54 174.85 332.62 274.76 1.58 1.69 4.15 -6.52 1.60 11.93 0.40 0.09
Car 0.0 0 0.93 702.26 176.20 800.54 221.54 1.53 1.59 3.90 5.28 1.75 27.28 1.12 0.04
Car 0.0 0 0.92 780.63 176.91 970.33 264.36 1.55 1.64 4.03 4.73 1.61 13.40 1.26 0.07
Car 0.0 0 0.91 92.42 177.16 301.90 271.99 1.55 1.65 4.07 -7.02 1.59 12.03 0.38 0.07
Car 0.0 0 -0.46 798.56 179.03 998.40 258.73 1.60 1.72 4.26 6.32 1.80 15.94 -0.08 0.05
Car 0.0 0 -1.66 638.49 175.40 678.64 204.08 1.59 1.62 3.92 2.58 1.73 39.38 -1.59 0.02
Car 0.0 0 0.90 159.95 174.17 411.47 286.22 1.55 1.66 4.07 -4.83 1.53 10.35 0.47 0.07
Car 0.0 0 0.89 355.62 169.23 520.62 245.88 1.57 1.66 4.05 -4.05 1.55 16.65 0.66 0.04
Car 0.0 0 -0.47 317.41 174.29 498.75 246.91 1.59 1.69 4.17 -5.15 1.73 18.36 -0.74 0.04
Car 0.0 0 -0.47 180.15 171.88 417.47 277.45 1.58 1.68 4.13 -4.97 1.57 11.46 -0.88 0.05
