Car 0.0 0 1.52 514.67 175.95 565.71 212.02 1.56 1.60 3.85 -3.39 1.81 35.13 1.43 0.04
Car 0.0 0 1.56 375.92 172.20 531.09 272.42 1.57 1.61 3.82 -2.90 1.62 13.32 1.35 0.10
Car 0.0 0 1.55 465.25 172.74 553.40 233.37 1.56 1.60 3.83 -3.27 1.72 23.35 1.41 0.06
Car 0.0 0 1.11 703.10 190.54 843.91 282.96 1.54 1.58 3.75 2.95 1.96 14.21 1.32 0.08
Car 0.0 0 1.40 663.85 179.83 724.32 222.29 1.57 1.60 3.84 3.50 1.97 30.68 1.51 0.03
Car 0.0 0 -1.03 188.36 185.28 518.91 345.45 1.63 1.74 4.20 -3.58 1.98 9.97 -1.37 0.08
Car 0.0 0 0.90 186.32 185.40 513.57 345.22 1.63 1.73 4.17 -3.65 1.96 9.85 0.55 0.08
Car 0.0 0 1.29 637.19 164.94 683.22 199.29 1.61 1.64 3.94 2.38 1.26 36.18 1.36 0.03
Car 0.0 0 0.94 783.72 200.01 1051.12 337.31 1.56 1.65 3.97 3.63 1.91 9.22 1.32 0.08
Car 0.0 0 1.00 767.97 198.22 985.20 320.62 1.53 1.60 3.82 3.15 1.80 9.26 1.33 0.08
Car 0.0 0 1.01 707.42 196.74 915.48 313.67 1.50 1.56 3.73 2.53 1.81 9.97 1.26 0.07
Car 0.0 0 2.11 268.57 186.48 464.12 289.70 1.55 1.62 3.91 -4.07 1.81 12.30 1.80 0.06
