Car 0.0 0 -1.59 556.33 174.87 613.47 224.13 1.54 1.55 3.57 -0.89 1.26 25.15 -1.62 0.06
Car 0.0 0 1.43 379.13 173.39 500.55 268.04 1.55 1.56 3.63 -3.51 1.44 14.84 1.20 0.07
Car 0.0 0 1.09 10.20 175.74 188.64 286.12 1.51 1.55 3.67 -7.38 1.33 10.18 0.47 0.10
Car 0.0 0 1.02 2.38 174.56 199.22 286.89 1.53 1.59 3.78 -7.28 1.34 10.20 0.40 0.09
Car 0.0 0 0.86 33.01 172.04 278.66 281.19 1.58 1.70 4.19 -6.62 1.33 10.47 0.30 0.09
Car 0.0 0 -0.46 43.43 172.48 289.73 279.24 1.59 1.71 4.22 -6.91 1.38 11.22 -1.01 0.08
Car 0.0 0 1.53 289.90 179.67 379.52 234.56 1.53 1.57 3.78 -9.29 1.49 24.41 1.16 0.04
Car 0.0 0 1.43 774.82 84.87 878.58 151.60 1.51 1.55 3.71 5.73 -1.06 19.21 1.73 0.04
Car 0.0 0 1.48 462.03 179.27 524.20 225.61 1.55 1.57 3.74 -4.82 1.49 30.33 1.32 0.03
Car 0.0 0 1.98 408.98 176.73 528.06 245.89 1.55 1.60 3.84 -4.04 1.50 21.00 1.79 0.04
Car 0.0 0 2.13 246.90 175.17 352.20 231.34 1.53 1.58 3.84 -10.36 1.34 24.15 1.73 0.03
