Car 0.0 0 1.49 710.31 176.41 827.44 255.06 1.56 1.60 3.82 3.50 1.70 16.38 1.70 0.09
Car 0.0 0 1.28 771.50 178.01 923.33 291.29 1.53 1.55 3.58 3.46 1.65 11.22 1.59 0.11
Car 0.0 0 0.90 224.51 176.30 431.35 263.55 1.60 1.71 4.25 -5.59 1.67 13.97 0.52 0.08
Car 0.0 0 2.18 457.14 171.33 570.42 226.88 1.54 1.60 3.92 -2.99 1.55 22.18 2.05 0.05
Car 0.0 0 -1.65 678.15 178.35 734.21 225.92 1.57 1.58 3.69 3.52 1.87 27.21 -1.51 0.04
Car 0.0 0 0.89 398.62 173.29 536.93 241.48 1.55 1.62 3.96 -3.75 1.64 18.74 0.69 0.05
Car 0.0 0 2.20 311.40 170.47 496.21 254.33 1.58 1.67 4.12 -4.28 1.57 14.93 1.92 0.06
Car 0.0 0 1.48 681.75 175.04 776.56 238.18 1.56 1.60 3.83 3.51 1.76 21.73 1.65 0.04
Car 0.0 0 -0.46 486.77 175.79 579.40 211.20 1.58 1.65 4.06 -3.64 1.79 34.02 -0.57 0.02
Car 0.0 0 -2.01 540.27 170.40 596.46 201.62 1.54 1.58 3.84 -1.99 1.41 33.85 -2.07 0.02
Car 0.0 0 1.11 721.12 177.96 903.21 291.40 1.50 1.54 3.64 2.58 1.55 10.16 1.36 0.06
