Car 0.0 0 1.35 688.27 182.36 760.58 241.12 1.56 1.58 3.67 3.50 1.97 22.57 1.51 0.09
Car 0.0 0 1.41 644.07 173.47 713.16 223.25 1.55 1.59 3.80 2.30 1.64 25.18 1.50 0.07
Car 0.0 0 2.06 846.90 206.13 1094.99 356.69 1.52 1.56 3.65 4.19 1.91 8.39 2.53 0.12
Car 0.0 0 0.91 441.60 175.56 533.03 221.24 1.52 1.58 3.86 -4.61 1.70 26.76 0.74 0.05
Car 0.0 0 0.87 347.52 163.67 518.89 236.02 1.58 1.68 4.15 -4.37 1.41 17.59 0.63 0.06
Car 0.0 0 0.95 96.94 161.68 419.66 334.62 1.59 1.67 3.95 -4.63 1.60 8.96 0.48 0.08
Car 0.0 0 -1.79 733.56 193.28 1092.27 400.40 1.70 1.74 4.04 3.56 2.25 9.04 -1.41 0.08
Car 0.0 0 0.94 461.20 172.90 558.35 214.19 1.56 1.62 3.98 -4.27 1.67 30.66 0.80 0.03
Car 0.0 0 1.01 777.43 188.68 1086.67 360.65 1.65 1.71 4.01 3.89 2.02 9.38 1.40 0.07
Car 0.0 0 -0.46 253.66 174.27 442.26 247.76 1.59 1.71 4.24 -6.40 1.70 17.46 -0.81 0.04
Car 0.0 0 0.87 70.01 166.52 361.99 296.86 1.58 1.70 4.17 -5.32 1.48 9.43 0.37 0.07
