Car 0.0 0 -1.56 653.18 174.19 709.80 223.35 1.55 1.56 3.57 2.40 1.65 24.93 -1.46 0.07
Car 0.0 0 1.29 764.74 194.72 956.76 325.63 1.52 1.55 3.58 2.87 1.76 9.03 1.60 0.12
Car 0.0 0 0.97 770.24 196.66 978.94 314.01 1.56 1.62 3.89 3.56 1.84 9.99 1.31 0.11
Car 0.0 0 1.08 761.00 195.36 972.10 324.04 1.53 1.57 3.70 3.07 1.77 9.05 1.42 0.11
Car 0.0 0 2.24 252.13 174.50 432.41 258.65 1.57 1.66 4.07 -5.47 1.62 14.67 1.88 0.07
Car 0.0 0 0.90 216.90 173.09 431.87 268.52 1.57 1.68 4.15 -4.72 1.51 11.61 0.52 0.08
Car 0.0 0 -1.82 777.78 214.62 953.59 350.70 1.47 1.46 3.30 2.99 2.05 9.22 -1.50 0.09
Car 0.0 0 2.18 415.19 172.70 542.07 232.07 1.57 1.65 4.03 -3.93 1.64 21.46 2.00 0.04
Car 0.0 0 1.60 485.10 177.44 563.38 228.21 1.57 1.61 3.86 -3.46 1.99 29.32 1.49 0.03
Car 0.0 0 2.08 453.88 172.92 555.97 224.39 1.56 1.61 3.92 -3.62 1.66 24.86 1.94 0.03
