Car 0.0 0 1.36 284.31 196.94 355.51 255.14 1.52 1.54 3.54 -8.99 2.37 22.25 0.98 0.07
Car 0.0 0 1.40 511.02 191.45 605.14 263.06 1.53 1.55 3.63 -1.40 2.10 18.30 1.33 0.08
Car 0.0 0 1.32 571.46 199.53 709.15 297.74 1.52 1.55 3.62 0.29 1.95 11.96 1.35 0.12
Car 0.0 0 2.12 167.89 213.73 332.67 305.83 1.58 1.64 3.94 -6.86 2.39 13.80 1.66 0.09
Car 0.0 0 1.41 458.41 198.16 519.19 236.98 1.57 1.61 3.88 -5.54 2.78 32.33 1.24 0.03
Car 0.0 0 1.09 619.99 213.41 842.20 354.97 1.52 1.55 3.62 1.37 2.02 8.77 1.25 0.10
Car 0.0 0 -1.04 616.88 208.96 873.64 362.08 1.53 1.57 3.68 1.57 2.00 8.59 -0.86 0.10
Car 0.0 0 -1.09 589.34 212.22 872.54 395.62 1.56 1.58 3.62 1.38 2.15 8.30 -0.91 0.09
Car 0.0 0 1.47 469.60 195.72 563.89 256.34 1.57 1.61 3.85 -3.04 2.41 22.61 1.34 0.04
Car 0.0 0 2.11 -34.49 218.90 300.79 408.51 1.67 1.72 4.07 -5.95 2.48 9.30 1.55 0.08
