Car 0.0 0 -1.54 651.32 176.94 702.78 220.43 1.55 1.56 3.64 2.52 1.76 27.71 -1.45 0.06
Car 0.0 0 2.04 327.96 190.97 472.90 282.90 1.57 1.62 3.86 -4.24 2.02 14.78 1.76 0.11
Car 0.0 0 1.47 429.06 180.05 487.86 225.02 1.56 1.58 3.78 -6.27 2.00 29.88 1.27 0.04
Car 0.0 0 1.47 480.28 180.92 523.83 212.18 1.61 1.64 3.95 -5.84 2.09 39.06 1.32 0.03
Car 0.0 0 -0.47 811.68 159.14 967.69 221.72 1.58 1.67 4.12 7.71 1.27 19.92 -0.10 0.05
Car 0.0 0 2.18 1.21 207.20 352.01 394.00 1.66 1.74 4.15 -5.31 2.28 9.05 1.65 0.08
Car 0.0 0 -0.46 777.02 159.11 972.23 229.20 1.61 1.74 4.35 6.69 1.34 18.32 -0.11 0.05
Car 0.0 0 2.21 -3.68 209.40 338.33 390.24 1.64 1.72 4.11 -5.52 2.28 9.08 1.67 0.08
Car 0.0 0 2.19 27.99 204.64 375.37 387.82 1.65 1.73 4.13 -5.02 2.23 9.07 1.69 0.08
Car 0.0 0 2.22 732.63 158.06 882.60 225.47 1.59 1.67 4.11 5.30 1.26 19.38 2.49 0.05
