Car 0.0 0 1.42 724.08 174.68 862.97 267.30 1.56 1.60 3.80 3.17 1.59 13.24 1.66 0.13
Car 0.0 0 -1.73 800.60 182.53 985.52 314.61 1.54 1.56 3.59 3.55 1.68 9.56 -1.36 0.13
Car 0.0 0 -1.63 676.64 176.71 736.36 228.58 1.56 1.58 3.62 3.19 1.79 24.74 -1.50 0.05
Car 0.0 0 0.92 179.03 175.89 389.75 274.03 1.58 1.68 4.13 -5.55 1.60 11.92 0.49 0.10
Car 0.0 0 1.55 680.37 174.14 782.77 240.55 1.56 1.60 3.85 3.27 1.68 19.67 1.71 0.06
Car 0.0 0 0.88 439.58 169.71 565.02 228.27 1.55 1.62 3.98 -3.20 1.52 21.18 0.73 0.05
Car 0.0 0 2.21 374.59 172.59 521.08 242.60 1.55 1.63 4.00 -4.09 1.61 18.01 1.99 0.05
Car 0.0 0 0.88 308.32 171.62 497.02 253.59 1.57 1.67 4.13 -4.39 1.57 15.03 0.60 0.06
Car 0.0 0 2.22 287.02 171.09 476.52 253.44 1.57 1.67 4.14 -4.69 1.55 14.69 1.91 0.06
Car 0.0 0 0.92 403.05 173.97 538.33 229.95 1.57 1.66 4.08 -4.47 1.71 23.09 0.73 0.04
Car 0.0 0 1.17 745.84 179.17 953.04 318.33 1.52 1.54 3.56 2.56 1.58 8.65 1.46 0.07
Car 0.0 0 1.18 734.22 177.69 929.02 310.82 1.53 1.55 3.59 2.43 1.57 9.00 1.45 0.07
Car 0.0 0 -0.47 472.83 174.06 577.96 212.60 1.58 1.66 4.09 -3.72 1.71 31.64 -0.58 0.02
Car 0.0 0 0.87 5.16 229.75 275.00 350.27 1.53 1.64 4.03 -6.66 2.33 10.08 0.29 0.06
