Car 0.0 0 1.51 697.85 165.09 789.90 225.89 1.57 1.61 3.87 3.91 1.43 21.44 1.69 0.06
Car 0.0 0 -1.62 633.82 169.50 674.84 202.59 1.58 1.60 3.83 2.12 1.44 35.45 -1.55 0.03
Car 0.0 0 0.95 403.26 165.61 531.61 223.22 1.55 1.62 3.96 -4.26 1.40 21.34 0.76 0.04
Car 0.0 0 2.11 754.47 170.42 912.14 254.92 1.56 1.63 3.95 4.56 1.54 14.72 2.42 0.05
Car 0.0 0 0.91 827.10 166.52 1070.90 276.84 1.58 1.69 4.14 4.77 1.45 10.52 1.34 0.07
Car 0.0 0 2.22 768.67 169.93 962.99 265.34 1.56 1.64 4.01 4.18 1.46 11.87 2.56 0.06
Car 0.0 0 0.98 92.37 165.85 404.88 339.38 1.57 1.63 3.85 -4.61 1.61 8.66 0.49 0.07
Car 0.0 0 2.12 748.22 171.41 934.54 273.69 1.52 1.58 3.80 3.65 1.46 11.24 2.43 0.06
Car 0.0 0 2.13 840.08 204.70 1194.65 402.98 1.65 1.70 3.98 4.90 2.27 8.75 2.65 0.07
Car 0.0 0 2.14 815.13 196.37 1187.22 407.06 1.68 1.74 4.05 4.73 2.27 8.88 2.64 0.07
Car 0.0 0 -1.09 678.44 180.51 910.39 336.27 1.46 1.48 3.39 2.14 1.59 8.15 -0.83 0.07
