Car 0.0 0 1.14 742.18 172.29 901.23 281.65 1.54 1.58 3.70 3.00 1.54 11.28 1.40 0.14
Car 0.0 0 -1.62 679.42 179.24 740.63 232.82 1.55 1.56 3.52 3.17 1.83 23.57 -1.48 0.07
Car 0.0 0 1.58 680.99 171.94 794.57 243.86 1.56 1.61 3.86 3.21 1.62 18.22 1.76 0.06
Car 0.0 0 2.20 426.79 168.03 554.70 229.97 1.57 1.64 4.00 -3.36 1.48 20.09 2.03 0.05
Car 0.0 0 0.90 263.78 173.23 458.57 259.24 1.58 1.68 4.15 -4.98 1.60 14.15 0.56 0.07
Car 0.0 0 2.23 348.49 172.29 500.62 243.77 1.55 1.64 4.02 -4.51 1.59 17.37 1.98 0.06
Car 0.0 0 0.91 384.16 173.30 525.66 231.00 1.57 1.65 4.08 -4.76 1.67 22.08 0.70 0.04
Car 0.0 0 -0.47 99.68 178.50 333.42 278.17 1.59 1.70 4.20 -6.72 1.69 12.18 -0.97 0.06
Car 0.0 0 -0.48 458.31 173.12 568.99 213.51 1.58 1.66 4.09 -4.09 1.68 30.53 -0.61 0.03
Car 0.0 0 1.14 747.94 181.65 987.77 334.64 1.52 1.55 3.58 2.54 1.61 8.01 1.46 0.07
