Car 0.0 0 1.59 370.50 183.90 476.83 254.92 1.57 1.61 3.87 -5.01 1.98 19.32 1.34 0.10
Car 0.0 0 1.64 427.96 182.81 518.61 237.43 1.59 1.63 3.96 -4.63 2.01 24.56 1.46 0.06
Car 0.0 0 1.42 727.23 174.56 836.45 250.59 1.55 1.59 3.77 3.96 1.67 17.23 1.65 0.09
Car 0.0 0 1.38 799.40 185.10 927.37 272.12 1.53 1.57 3.70 4.84 1.82 14.37 1.71 0.11
Car 0.0 0 1.49 533.05 175.81 579.67 209.39 1.63 1.67 4.02 -2.87 1.88 38.64 1.42 0.04
Car 0.0 0 1.58 474.72 181.42 535.83 220.97 1.57 1.61 3.87 -4.62 2.03 31.99 1.43 0.04
Car 0.0 0 1.40 696.04 173.54 778.13 232.93 1.52 1.55 3.69 3.82 1.68 22.27 1.58 0.05
Car 0.0 0 1.07 757.01 180.73 917.87 277.53 1.52 1.57 3.75 3.57 1.63 11.98 1.36 0.08
Car 0.0 0 1.41 688.17 176.11 764.05 228.42 1.53 1.56 3.73 3.87 1.75 24.80 1.56 0.04
Car 0.0 0 1.35 686.29 175.06 749.16 222.02 1.54 1.57 3.74 4.03 1.75 27.75 1.50 0.04
