Car 0.0 0 -1.64 555.66 176.59 615.72 228.16 1.54 1.55 3.54 -0.83 1.31 23.71 -1.67 0.06
Car 0.0 0 1.41 349.60 173.71 492.25 279.73 1.54 1.57 3.65 -3.30 1.40 12.23 1.15 0.11
Car 0.0 0 1.54 220.46 177.66 321.57 237.14 1.56 1.61 3.91 -10.28 1.41 21.76 1.10 0.05
Car 0.0 0 -1.55 464.62 179.68 522.28 225.65 1.52 1.54 3.62 -4.45 1.43 27.88 -1.71 0.04
Car 0.0 0 -1.59 502.72 181.10 547.60 214.93 1.56 1.58 3.78 -4.10 1.41 35.50 -1.71 0.03
Car 0.0 0 0.94 -39.95 174.95 194.02 296.63 1.56 1.64 3.96 -7.33 1.39 9.68 0.30 0.08
Car 0.0 0 2.20 101.23 178.35 248.59 244.79 1.56 1.64 4.02 -11.62 1.46 19.29 1.66 0.05
Car 0.0 0 2.19 453.89 116.59 622.08 208.79 1.55 1.61 3.90 -1.42 0.27 13.92 2.10 0.06
Car 0.0 0 2.16 42.59 174.71 247.01 267.99 1.57 1.67 4.09 -8.42 1.40 13.12 1.59 0.05
Car 0.0 0 1.46 248.79 180.70 347.50 242.49 1.53 1.57 3.76 -9.64 1.55 22.18 1.05 0.04
Car 0.0 0 -0.45 -30.78 175.16 254.65 291.37 1.61 1.74 4.31 -7.90 1.52 11.43 -1.05 0.06
