Car 0.0 0 0.90 448.18 165.52 542.88 217.65 1.54 1.59 3.88 -3.93 1.38 24.30 0.75 0.06
Car 0.0 0 0.91 409.05 171.22 510.96 225.72 1.54 1.60 3.89 -4.95 1.57 23.56 0.70 0.06
Car 0.0 0 -1.71 724.61 167.92 871.73 276.44 1.53 1.55 3.60 2.90 1.50 11.87 -1.47 0.10
Car 0.0 0 1.51 629.01 175.34 702.48 220.78 1.57 1.61 3.90 2.17 1.78 28.73 1.59 0.03
Car 0.0 0 1.42 653.61 175.56 733.99 229.65 1.53 1.57 3.75 2.68 1.73 23.81 1.54 0.04
Car 0.0 0 0.89 279.73 168.01 487.30 265.96 1.55 1.65 4.02 -4.08 1.50 12.74 0.59 0.06
Car 0.0 0 1.44 661.45 175.72 768.32 246.81 1.53 1.57 3.74 2.55 1.70 18.35 1.58 0.05
Car 0.0 0 0.91 106.09 175.51 423.44 332.69 1.59 1.69 4.07 -4.68 1.73 9.27 0.45 0.08
Car 0.0 0 1.40 626.62 174.29 674.52 205.52 1.59 1.62 3.93 2.07 1.70 37.92 1.46 0.02
Car 0.0 0 2.15 344.71 166.39 495.46 241.34 1.56 1.63 3.96 -4.64 1.50 17.52 1.89 0.04
