Car 0.0 0 -1.61 663.24 179.77 725.42 233.22 1.54 1.55 3.51 2.52 1.79 22.45 -1.49 0.07
Car 0.0 0 0.88 177.67 173.93 402.71 265.54 1.60 1.72 4.28 -5.64 1.58 12.55 0.46 0.08
Car 0.0 0 0.92 177.08 173.75 353.50 259.25 1.56 1.65 4.02 -7.08 1.61 14.56 0.47 0.07
Car 0.0 0 1.38 916.77 194.43 1167.53 362.56 1.53 1.55 3.53 4.97 1.90 8.56 1.91 0.09
Car 0.0 0 1.37 642.78 178.39 709.29 225.28 1.57 1.60 3.83 2.44 1.89 28.14 1.46 0.03
Car 0.0 0 1.16 919.52 186.84 1130.88 325.99 1.55 1.58 3.65 4.84 1.72 8.99 1.66 0.08
Car 0.0 0 1.48 536.52 171.84 584.33 200.37 1.57 1.61 3.92 -2.77 1.55 39.97 1.41 0.02
Car 0.0 0 0.92 442.41 173.46 547.70 223.05 1.55 1.62 3.94 -4.31 1.71 26.76 0.76 0.03
Car 0.0 0 0.91 274.74 172.62 487.54 269.25 1.55 1.65 4.05 -3.84 1.50 11.60 0.60 0.06
Car 0.0 0 -1.04 -48.72 202.31 222.25 338.94 1.55 1.63 3.92 -6.93 1.98 9.48 -1.66 0.07
Car 0.0 0 -0.45 491.73 172.32 574.53 206.30 1.56 1.62 3.98 -3.55 1.56 33.23 -0.55 0.02
