Car 0.0 0 -1.62 692.14 187.69 765.09 247.94 1.52 1.53 3.48 3.50 2.08 21.73 -1.46 0.05
Car 0.0 0 0.89 262.19 175.80 458.22 266.72 1.54 1.64 4.03 -4.43 1.55 12.39 0.55 0.08
Car 0.0 0 2.18 380.60 168.11 522.58 240.20 1.55 1.63 3.97 -3.70 1.46 16.65 1.96 0.06
Car 0.0 0 0.88 132.85 186.31 376.84 287.66 1.56 1.69 4.20 -5.69 1.74 11.29 0.41 0.07
Car 0.0 0 -1.00 742.09 182.51 834.11 229.85 1.53 1.58 3.82 6.50 1.98 26.30 -0.75 0.03
Car 0.0 0 2.17 286.57 175.04 474.47 255.90 1.58 1.68 4.15 -5.02 1.69 15.74 1.86 0.05
Car 0.0 0 1.03 691.95 174.82 818.68 247.76 1.55 1.60 3.84 3.49 1.68 17.64 1.23 0.05
Car 0.0 0 -0.46 77.12 186.41 339.75 293.97 1.59 1.72 4.25 -6.49 1.83 11.54 -0.96 0.07
Car 0.0 0 0.96 819.13 179.76 1207.37 391.22 1.70 1.77 4.15 4.57 2.06 8.75 1.45 0.08
Car 0.0 0 0.91 317.91 176.16 504.80 255.39 1.57 1.67 4.12 -4.32 1.66 15.37 0.64 0.05
Car 0.0 0 -0.47 419.60 176.16 545.18 226.12 1.59 1.66 4.09 -4.58 1.81 25.82 -0.64 0.03
