Car 0.0 0 1.43 1078.06 155.77 1172.26 219.42 1.53 1.57 3.74 14.28 1.14 20.12 2.05 0.06
Car 0.0 0 1.34 862.61 176.61 965.89 255.45 1.52 1.54 3.58 6.90 1.71 16.72 1.73 0.07
Car 0.0 0 1.46 870.41 176.29 969.58 254.79 1.54 1.55 3.61 7.68 1.78 17.89 1.86 0.07
Car 0.0 0 1.52 1048.64 160.20 1138.21 213.74 1.56 1.61 3.88 16.65 1.25 24.95 2.11 0.04
Car 0.0 0 2.14 -21.46 236.50 213.55 358.94 1.56 1.64 3.94 -7.13 2.44 10.05 1.53 0.09
Car 0.0 0 -1.04 223.30 217.14 457.22 359.84 1.51 1.55 3.63 -3.37 2.09 8.96 -1.39 0.09
Car 0.0 0 1.02 1117.41 159.80 1267.67 242.41 1.52 1.58 3.80 11.10 1.26 14.08 1.69 0.06
Car 0.0 0 1.96 178.70 221.13 460.21 391.31 1.56 1.59 3.70 -3.54 2.32 9.02 1.59 0.08
Car 0.0 0 -1.53 925.88 176.59 977.45 219.09 1.53 1.55 3.67 14.23 1.80 30.06 -1.08 0.03
Car 0.0 0 -1.01 26.87 233.45 262.79 341.48 1.56 1.65 4.02 -7.41 2.55 11.52 -1.58 0.05
