Car 0.0 0 1.28 692.96 177.73 778.21 246.15 1.51 1.53 3.48 3.04 1.72 18.38 1.45 0.08
Car 0.0 0 1.50 677.75 169.65 744.74 212.37 1.53 1.57 3.77 4.04 1.50 28.94 1.64 0.03
Car 0.0 0 -0.47 707.02 164.32 878.98 234.20 1.58 1.68 4.16 4.49 1.43 17.83 -0.22 0.05
Car 0.0 0 0.95 450.94 170.24 560.84 216.42 1.57 1.64 4.00 -4.05 1.59 28.02 0.81 0.03
Car 0.0 0 -0.45 472.58 171.71 562.59 207.93 1.56 1.62 3.98 -4.12 1.56 31.96 -0.58 0.03
Car 0.0 0 -0.46 275.02 172.40 495.64 258.81 1.58 1.70 4.23 -4.51 1.61 14.37 -0.76 0.05
Car 0.0 0 1.40 687.29 169.90 905.76 310.94 1.52 1.55 3.60 2.18 1.51 9.01 1.64 0.07
Car 0.0 0 0.94 393.32 163.39 551.33 235.47 1.58 1.65 4.04 -3.48 1.42 17.89 0.75 0.04
Car 0.0 0 -1.64 629.63 170.93 664.01 199.40 1.65 1.67 4.01 2.13 1.56 42.52 -1.59 0.02
Car 0.0 0 -0.47 329.37 167.27 531.03 247.42 1.56 1.67 4.15 -3.66 1.44 14.35 -0.71 0.05
