Car 0.0 0 -1.59 399.06 185.37 468.03 244.40 1.52 1.53 3.45 -5.16 1.60 20.97 -1.83 0.07
Car 0.0 0 1.37 342.29 177.69 408.66 228.02 1.53 1.56 3.70 -8.26 1.36 25.29 1.06 0.06
Car 0.0 0 -1.65 570.65 175.66 614.68 212.49 1.59 1.61 3.83 -0.79 1.21 34.00 -1.67 0.04
Car 0.0 0 1.53 447.38 180.59 507.69 224.45 1.55 1.58 3.77 -5.58 1.50 30.88 1.35 0.04
Car 0.0 0 -1.03 54.74 184.75 422.95 375.98 1.68 1.77 4.20 -4.81 1.93 9.25 -1.51 0.08
Car 0.0 0 0.92 16.06 192.21 386.61 384.68 1.68 1.76 4.19 -5.22 1.98 8.92 0.40 0.07
Car 0.0 0 2.17 -20.67 205.33 179.70 302.18 1.55 1.63 3.99 -8.70 1.85 11.93 1.54 0.06
Car 0.0 0 2.17 20.01 188.60 391.63 381.99 1.66 1.75 4.16 -5.13 1.96 9.19 1.67 0.07
Car 0.0 0 0.94 147.37 158.96 363.11 273.29 1.53 1.61 3.86 -5.22 1.14 10.37 0.47 0.06
Car 0.0 0 0.92 153.46 162.66 305.05 238.31 1.53 1.60 3.89 -8.18 1.05 15.35 0.43 0.05
