Car 0.0 0 1.24 682.97 180.92 753.65 240.33 1.54 1.56 3.53 2.97 1.81 20.54 1.39 0.10
Car 0.0 0 1.43 639.09 171.13 710.21 219.81 1.54 1.58 3.80 2.26 1.59 26.40 1.52 0.05
Car 0.0 0 0.96 144.62 165.61 431.20 320.24 1.52 1.60 3.79 -4.03 1.48 8.52 0.52 0.11
Car 0.0 0 0.96 448.28 174.08 535.03 221.09 1.54 1.59 3.85 -4.42 1.66 26.60 0.80 0.04
Car 0.0 0 1.01 758.77 187.67 1021.32 335.34 1.55 1.61 3.80 3.27 1.79 9.07 1.37 0.10
Car 0.0 0 0.88 359.03 162.55 522.99 237.20 1.58 1.67 4.09 -4.08 1.39 17.16 0.65 0.06
Car 0.0 0 2.09 797.28 197.17 1032.39 330.74 1.51 1.57 3.71 3.80 1.79 8.93 2.50 0.09
Car 0.0 0 -0.46 282.23 175.83 460.37 244.50 1.61 1.72 4.27 -6.34 1.78 18.98 -0.78 0.04
Car 0.0 0 0.90 263.62 174.91 436.95 246.77 1.56 1.65 4.08 -6.12 1.65 16.92 0.56 0.04
Car 0.0 0 0.89 131.27 168.64 377.01 276.13 1.55 1.66 4.10 -5.23 1.41 10.15 0.42 0.06
