Car 0.0 0 -1.62 702.95 186.81 778.30 250.34 1.52 1.53 3.46 3.60 2.02 20.39 -1.44 0.05
Car 0.0 0 0.87 351.24 169.94 531.17 254.40 1.58 1.67 4.10 -3.45 1.53 14.47 0.64 0.06
Car 0.0 0 1.01 475.11 178.78 544.56 216.55 1.53 1.58 3.82 -4.57 1.90 32.76 0.87 0.03
Car 0.0 0 0.90 209.32 180.52 429.45 277.76 1.54 1.65 4.06 -4.44 1.55 10.64 0.51 0.08
Car 0.0 0 0.90 167.05 182.41 422.68 303.99 1.52 1.62 3.93 -4.34 1.62 9.63 0.48 0.07
Car 0.0 0 -0.47 406.02 176.30 535.19 226.97 1.57 1.66 4.08 -4.85 1.79 25.04 -0.66 0.03
Car 0.0 0 -1.00 254.88 175.52 451.96 264.54 1.56 1.66 4.06 -4.97 1.65 13.92 -1.34 0.05
Car 0.0 0 -0.45 25.08 187.27 320.44 312.71 1.57 1.70 4.19 -6.19 1.80 10.11 -1.00 0.07
Car 0.0 0 1.04 509.67 172.53 572.55 206.13 1.55 1.60 3.87 -3.33 1.58 34.61 0.95 0.02
Car 0.0 0 1.00 518.22 171.26 579.40 200.52 1.55 1.60 3.91 -3.13 1.46 36.52 0.92 0.02
Car 0.0 0 -1.00 740.68 182.08 851.21 236.61 1.58 1.63 3.93 6.38 2.04 24.73 -0.74 0.03
