Car 0.0 0 1.33 770.24 190.68 952.03 330.76 1.51 1.51 3.45 3.04 1.76 9.10 1.66 0.13
Car 0.0 0 1.62 680.88 170.15 786.56 236.22 1.57 1.62 3.91 3.48 1.60 20.32 1.80 0.06
Car 0.0 0 2.11 733.59 174.89 856.14 241.01 1.56 1.62 3.93 5.30 1.74 20.59 2.36 0.05
Car 0.0 0 -1.63 630.81 174.57 670.82 205.70 1.59 1.62 3.90 2.05 1.70 37.42 -1.58 0.02
Car 0.0 0 0.95 812.95 167.84 1015.89 267.95 1.56 1.64 4.00 4.73 1.45 11.67 1.34 0.07
Car 0.0 0 -2.05 807.94 168.73 1026.73 273.24 1.58 1.67 4.06 4.72 1.49 11.34 -1.65 0.07
Car 0.0 0 0.95 428.63 173.70 537.00 223.26 1.54 1.60 3.91 -4.39 1.64 24.69 0.78 0.04
Car 0.0 0 0.92 272.64 174.39 463.81 258.40 1.54 1.64 4.04 -4.73 1.55 13.65 0.59 0.05
Car 0.0 0 1.01 748.84 171.28 910.08 263.36 1.53 1.59 3.81 3.64 1.47 12.41 1.30 0.06
Car 0.0 0 0.90 181.20 173.41 446.48 297.57 1.53 1.64 3.99 -4.04 1.51 9.40 0.50 0.07
Car 0.0 0 -0.46 286.40 169.96 499.52 262.40 1.58 1.68 4.13 -4.11 1.55 13.32 -0.76 0.05
