Car 0.0 0 1.36 630.23 175.82 679.20 211.25 1.57 1.60 3.85 2.09 1.78 34.73 1.42 0.04
Car 0.0 0 2.21 767.05 170.92 908.77 237.07 1.55 1.63 3.99 5.89 1.54 18.63 2.52 0.06
Car 0.0 0 0.93 92.80 175.70 331.86 295.08 1.55 1.64 3.98 -5.42 1.51 9.35 0.41 0.10
Car 0.0 0 1.51 601.89 174.37 667.70 212.39 1.59 1.63 3.97 1.17 1.78 35.13 1.55 0.03
Car 0.0 0 0.93 261.07 157.18 458.83 252.49 1.57 1.66 4.04 -4.69 1.33 13.32 0.59 0.07
Car 0.0 0 2.20 739.17 170.42 899.46 243.67 1.59 1.68 4.12 4.96 1.57 17.15 2.48 0.06
Car 0.0 0 2.07 801.06 174.75 906.98 230.31 1.54 1.59 3.85 7.84 1.70 23.16 2.40 0.04
Car 0.0 0 0.90 115.74 175.77 352.88 286.11 1.54 1.65 4.05 -5.34 1.51 9.96 0.41 0.08
Car 0.0 0 0.91 221.28 153.77 451.95 258.30 1.56 1.67 4.08 -4.35 1.23 10.99 0.54 0.06
Car 0.0 0 0.92 49.53 178.90 286.29 290.73 1.54 1.64 4.01 -6.17 1.53 9.66 0.35 0.07
Car 0.0 0 -0.47 384.84 173.43 510.10 222.20 1.56 1.65 4.06 -5.90 1.69 26.10 -0.69 0.03
