Car 0.0 0 -1.54 483.81 179.32 545.35 233.88 1.55 1.56 3.50 -3.00 1.79 22.18 -1.67 0.09
Car 0.0 0 1.35 679.52 174.30 775.99 248.99 1.54 1.57 3.66 2.64 1.63 17.04 1.51 0.11
Car 0.0 0 1.29 730.84 179.63 883.40 288.43 1.52 1.54 3.59 2.79 1.63 11.20 1.54 0.10
Car 0.0 0 1.36 661.22 179.69 727.58 232.05 1.57 1.59 3.78 2.92 1.94 25.80 1.47 0.04
Car 0.0 0 1.40 643.23 180.33 698.42 222.13 1.64 1.67 4.01 2.83 2.16 34.38 1.49 0.03
Car 0.0 0 1.01 750.71 189.54 1166.38 426.75 1.73 1.79 4.13 4.05 2.37 9.07 1.44 0.08
Car 0.0 0 1.18 726.97 190.49 932.58 329.80 1.53 1.56 3.60 2.27 1.72 8.60 1.44 0.08
Car 0.0 0 1.50 669.58 128.48 770.46 192.20 1.54 1.58 3.79 3.22 0.37 21.49 1.65 0.04
Car 0.0 0 1.35 624.55 162.01 676.77 202.81 1.57 1.59 3.81 1.70 1.20 31.23 1.41 0.02
Car 0.0 0 1.38 688.45 193.71 772.21 257.85 1.56 1.58 3.73 3.71 2.42 22.99 1.55 0.03
