Car 0.0 0 2.24 206.94 195.97 381.07 287.07 1.61 1.70 4.15 -6.15 2.08 14.22 1.84 0.12
Car 0.0 0 2.11 353.46 187.74 465.08 250.30 1.65 1.71 4.17 -6.43 2.26 23.41 1.85 0.07
Car 0.0 0 1.40 678.07 174.97 766.94 238.76 1.53 1.56 3.71 3.01 1.67 20.07 1.55 0.06
Car 0.0 0 1.34 710.17 172.35 828.03 251.89 1.52 1.56 3.67 3.29 1.57 15.81 1.55 0.07
Car 0.0 0 1.38 656.35 173.42 724.94 223.29 1.56 1.59 3.81 2.82 1.69 26.13 1.49 0.04
Car 0.0 0 2.23 875.73 149.22 1056.49 228.14 1.59 1.69 4.18 7.93 1.10 16.08 2.70 0.06
Car 0.0 0 1.59 426.32 187.45 491.16 230.68 1.61 1.65 3.97 -6.59 2.37 31.56 1.38 0.03
Car 0.0 0 2.20 -52.53 215.18 229.78 372.37 1.57 1.63 3.87 -6.39 2.15 8.81 1.58 0.07
Car 0.0 0 0.88 925.75 134.84 1179.12 245.76 1.53 1.64 4.03 6.39 0.97 10.58 1.43 0.06
Car 0.0 0 1.49 476.36 180.19 528.59 214.71 1.62 1.66 4.00 -5.54 2.07 37.06 1.35 0.02
