0 0.5043518518518518 0.53932 0.04976650563607081 0.13384
0 0.32214170692431565 0.5910266666666666 0.15276972624798713 0.22424
0 0.37232689210950076 0.5399466666666667 0.08428341384863125 0.14026666666666665
0 0.39202898550724635 0.5225733333333333 0.08202898550724642 0.11928000000000004
0 0.414573268921095 0.50052 0.06644122383252817 0.08621333333333336
1 0.8507246376811594 0.7494 0.11621578099838972 0.4958666666666666
0 0.7677576489533012 0.6894933333333333 0.20867149758454112 0.3692266666666667
0 0.6597262479871175 0.5985866666666666 0.1063446054750402 0.20863999999999994
0 0.6184661835748793 0.5432266666666666 0.07778582930756844 0.1834666666666667
1 0.5650040257648954 0.5108666666666666 0.01314814814814809 0.09736000000000004
0 0.6678945249597423 0.5102266666666666 0.08495169082125603 0.1086133333333333
0 0.1018196457326892 0.61232 0.2036392914653784 0.27189333333333343
0 0.21583333333333332 0.5555066666666666 0.11904186795491145 0.1782666666666667
0 0.500318035426731 0.5014266666666667 0.028832528180354224 0.08706666666666668
0 0.2686231884057971 0.53928 0.07371980676328503 0.14192
0 0.04494363929146538 0.5481866666666666 0.08988727858293076 0.18714666666666668
