0 0.4950201288244767 0.5280266666666666 0.03661030595813197 0.11472000000000003
0 0.8600442834138486 0.7100666666666666 0.27830112721417066 0.5745333333333332
0 0.7470692431561996 0.6389466666666667 0.17742351046698873 0.33442666666666665
0 0.6806723027375201 0.5874 0.1536634460547504 0.22749333333333333
0 0.40673913043478255 0.5087466666666667 0.025925925925925918 0.05466666666666666
0 0.2864935587761675 0.5859333333333334 0.08591787439613525 0.16440000000000002
0 0.5955475040257648 0.5258933333333333 0.09201288244766503 0.12613333333333335
0 0.5657206119162641 0.5123733333333332 0.06913848631239927 0.09173333333333335
0 0.36503220611916265 0.5005333333333333 0.03064412238325282 0.06511999999999997
0 0.3797504025764895 0.4999466666666667 0.02497584541062805 0.05589333333333335
0 0.3421054750402576 0.49796 0.019621578099838975 0.048666666666666664
