0 0.9334581320450885 0.77304 0.13147342995169078 0.44858666666666663
0 0.8716062801932368 0.6802533333333333 0.25517713365539446 0.63416
0 0.2896417069243156 0.55008 0.06698067632850241 0.1252266666666666
0 0.2147423510466989 0.5294933333333334 0.08399355877616746 0.1712533333333333
0 0.3844444444444445 0.5021333333333333 0.03475040257648955 0.09109333333333332
0 0.5890700483091788 0.51624 0.06295491143317235 0.11605333333333329
0 0.4757648953301128 0.47603999999999996 0.027262479871175534 0.07885333333333339
0 0.6333494363929146 0.50624 0.06570048309178736 0.12250666666666665
0 0.08429951690821257 0.5660266666666667 0.10877616747181965 0.13365333333333335
0 0.01323268921095008 0.5686533333333333 0.02646537842190016 0.10893333333333331
