0 0.8354428341384862 0.7586 0.32750402576489535 0.4774666666666667
0 0.12083333333333332 0.6537333333333333 0.24166666666666664 0.3201066666666667
0 0.2379830917874396 0.5826133333333333 0.16582125603864736 0.2034666666666666
0 0.28604669887278583 0.5741066666666667 0.16028985507246377 0.18
0 0.30147745571658613 0.55568 0.13598228663446055 0.15856
0 0.6746900161030596 0.6434666666666666 0.14495169082125603 0.33866666666666667
0 0.5734460547504026 0.5483066666666667 0.0510144927536232 0.11943999999999998
0 0.3476328502415459 0.5529333333333333 0.09927536231884058 0.1368533333333333
0 0.41854669887278584 0.50052 0.0544363929146538 0.06093333333333332
0 0.43049114331723026 0.4921866666666666 0.04927536231884057 0.06794666666666664
