0 0.49452495974235106 0.58272 0.08061191626409019 0.25242666666666674
0 0.9771658615136875 0.7172933333333333 0.044057971014492776 0.56008
0 0.8204468599033816 0.7037333333333332 0.23192431561996776 0.4734933333333333
0 0.7143679549114331 0.5949866666666667 0.1987842190016104 0.3200533333333333
0 0.6731481481481482 0.5677733333333334 0.13731078904991956 0.20637333333333335
0 0.044114331723027374 0.6171733333333334 0.08822866344605475 0.27594666666666673
0 0.11184380032206119 0.5658933333333332 0.14553945249597422 0.22208
1 0.5698268921095008 0.5107066666666666 0.015660225442834175 0.12061333333333331
1 0.7581964573268921 0.48571999999999993 0.007069243156199748 0.11229333333333329
1 0.7518357487922706 0.4809333333333334 0.005088566827697303 0.08127999999999996
