0 0.09154186795491143 0.6811333333333334 0.18308373590982285 0.41581333333333326
0 0.12601449275362317 0.5953466666666666 0.25202898550724634 0.4001866666666667
2 0.38773752012882445 0.5594133333333333 0.02528180354267309 0.17194666666666672
0 0.9079347826086956 0.7329733333333334 0.18252012882447669 0.46919999999999995
0 0.8486352657004832 0.6687333333333333 0.2963204508856683 0.3552266666666667
0 0.7528140096618358 0.6202933333333334 0.22949275362318838 0.2472533333333334
0 0.7149637681159421 0.5763733333333334 0.17371175523349436 0.24581333333333336
0 0.2995813204508857 0.55644 0.12958132045088566 0.13890666666666668
0 0.32741948470209337 0.5442666666666667 0.10659420289855076 0.12218666666666664
0 0.5296537842190017 0.5341466666666667 0.04328502415458937 0.1056266666666667
0 0.5094967793880837 0.5062666666666666 0.023937198067632864 0.06703999999999996
