2 0.43349838969404186 0.58084 0.043550724637681185 0.26696000000000003
0 0.8637318840579711 0.7290666666666665 0.27092592592592596 0.5365333333333333
0 0.6088003220611916 0.6583333333333333 0.1779710144927536 0.35944
0 0.13890901771336556 0.6813466666666667 0.17739935587761674 0.3161866666666667
0 0.5067230273752013 0.5604933333333333 0.08457326892109499 0.20722666666666661
0 0.4701368760064413 0.5418799999999999 0.06653784219001609 0.15026666666666666
0 0.2549597423510467 0.5843333333333333 0.058486312399355915 0.14567999999999998
1 0.5969323671497584 0.5216 0.02357487922705312 0.18986666666666663
0 0.2729106280193237 0.5519999999999999 0.04403381642512077 0.10954666666666663
0 0.44634057971014496 0.5265066666666667 0.04371175523349433 0.10618666666666665
