1 0.15206521739130435 0.49757333333333326 0.03047504025764895 0.13808
0 0.15661433172302736 0.47308 0.06369565217391303 0.15357333333333326
0 0.20687600644122384 0.4923733333333333 0.060032206119162664 0.11072000000000003
0 0.2652536231884058 0.4810133333333333 0.06805958132045087 0.09359999999999997
0 0.44032608695652176 0.47035999999999994 0.04501610305958138 0.0724533333333333
0 0.47836151368760066 0.46484 0.04707729468599036 0.07538666666666662
0 0.5060950080515298 0.4744666666666667 0.05051529790660226 0.05805333333333336
0 0.5310305958132044 0.47217333333333333 0.03669887278582934 0.05821333333333329
0 0.5497624798711755 0.47264 0.04157004830917874 0.05450666666666666
0 0.5720571658615137 0.46792 0.04768921095008053 0.05621333333333329
0 0.6232045088566828 0.45886666666666664 0.04238325281803541 0.051333333333333335
0 0.6396135265700483 0.46052 0.03668276972624794 0.046586666666666665
