0 0.05950885668276972 0.78012 0.11901771336553944 0.4344266666666666
0 0.30876811594202896 0.6876 0.1479227053140097 0.3376533333333334
0 0.14758051529790658 0.7139066666666666 0.21372785829307567 0.36824
2 0.7590378421900161 0.6969466666666667 0.15300322061191624 0.4080266666666667
2 0.8639895330112721 0.7465733333333334 0.19276167471819644 0.50152
0 0.41549114331723025 0.5627333333333333 0.048035426731078926 0.13554666666666662
0 0.4417834138486312 0.5317066666666667 0.027334943639291412 0.08111999999999997
0 0.5617995169082125 0.5408133333333334 0.08437198067632848 0.10994666666666664
0 0.5524677938808373 0.5290666666666667 0.07488727858293075 0.08719999999999997
0 0.5279146537842191 0.52072 0.05599033816425127 0.07738666666666669
