0 0.5013848631239936 0.5353333333333333 0.05011272141706925 0.15685333333333332
0 0.9064814814814814 0.7355066666666666 0.18542673107890495 0.5236533333333333
0 0.7880233494363929 0.6642399999999999 0.20538647342995173 0.41519999999999996
0 0.7148993558776168 0.5710666666666666 0.15153784219001612 0.28858666666666666
0 0.5858615136876006 0.51096 0.08252818035426732 0.11599999999999999
0 0.553659420289855 0.48655999999999994 0.05111916264090178 0.06992
0 0.2416626409017713 0.5341466666666667 0.08380837359098228 0.13965333333333335
0 0.29255636070853464 0.5247066666666667 0.05701288244766506 0.10647999999999994
0 0.332073268921095 0.5167066666666666 0.04189210950080513 0.0711733333333334
0 0.3843196457326892 0.49182666666666663 0.030185185185185193 0.053626666666666704
0 0.23325684380032205 0.5193866666666666 0.04661030595813204 0.08879999999999995
