0 0.11548711755233494 0.7457466666666666 0.23097423510466988 0.4059466666666666
0 0.3498389694041868 0.6360266666666666 0.09942028985507248 0.24
0 0.23696859903381642 0.6571333333333333 0.1340016103059581 0.2567733333333333
2 0.683083735909823 0.6202266666666667 0.0973268921095008 0.2724533333333334
0 0.9521618357487923 0.5505066666666666 0.09406602254428335 0.28005333333333327
2 0.7172342995169082 0.6373466666666666 0.10749597423510467 0.32088
1 0.15801127214170693 0.6154666666666667 0.024154589371980676 0.24533333333333332
0 0.41851046698872785 0.5554933333333333 0.040966183574879224 0.11792
0 0.4439895330112721 0.5266133333333333 0.02028180354267306 0.061653333333333345
0 0.5467713365539453 0.53356 0.07471819645732686 0.09767999999999999
0 0.519291465378422 0.5154266666666666 0.05159420289855076 0.07133333333333333
