0 0.49484299516908214 0.54832 0.04403381642512082 0.11967999999999998
0 0.085817230273752 0.7499333333333333 0.171634460547504 0.4948
0 0.2032085346215781 0.6759466666666667 0.19992753623188408 0.38208
0 0.3297020933977456 0.5772533333333333 0.12545893719806764 0.17887999999999996
0 0.35710950080515297 0.5605466666666666 0.09734299516908215 0.1564533333333333
0 0.38497987117552335 0.5336666666666666 0.07567632850241547 0.10685333333333331
0 0.8903099838969403 0.7095333333333332 0.21776972624798713 0.5756
1 0.6100764895330112 0.5616933333333333 0.023888888888888855 0.17933333333333332
0 0.8248389694041867 0.5787333333333333 0.17660225442834132 0.22008000000000008
0 0.49068035426731077 0.5249466666666667 0.027640901771336587 0.08375999999999999
0 0.059971819645732685 0.6515866666666666 0.11994363929146537 0.31058666666666657
0 0.17690821256038647 0.5265599999999999 0.08679549114331724 0.12527999999999997
0 0.23334943639291464 0.5229066666666666 0.05507246376811592 0.07951999999999998
