1 0.1888083735909823 0.49450666666666665 0.014766505636070834 0.13098666666666667
0 0.19065619967793881 0.4756133333333333 0.05899355877616748 0.14632
0 0.23611916264090177 0.49011999999999994 0.05697262479871175 0.10583999999999999
0 0.2925644122383253 0.48112000000000005 0.06520933977455717 0.09002666666666671
0 0.46058373590982293 0.47035999999999994 0.04392109500805159 0.07085333333333331
0 0.49716586151368763 0.46828 0.046022544283413826 0.07367999999999998
0 0.5245974235104669 0.4736266666666667 0.04979066022544286 0.05711999999999996
0 0.5488123993558777 0.4733866666666666 0.03619162640901775 0.05727999999999997
0 0.5681320450885669 0.4726133333333333 0.04112721417069237 0.05381333333333335
0 0.5897181964573268 0.46818666666666664 0.04729468599033817 0.05546666666666669
0 0.6412962962962963 0.46029333333333333 0.04243156199677942 0.05093333333333332
0 0.6570048309178744 0.4599333333333333 0.03673107890499186 0.046320000000000014
