0 0.16015700483091785 0.7496266666666667 0.3203140096618357 0.4954133333333333
0 0.8595209339774558 0.7408399999999999 0.2793478260869566 0.5129866666666667
0 0.3105877616747182 0.6389066666666666 0.12359098228663445 0.2761066666666667
0 0.3692028985507246 0.5754666666666667 0.08714975845410625 0.18442666666666666
0 0.7919444444444445 0.5134266666666666 0.08851046698872782 0.16285333333333332
0 0.7214975845410628 0.5156133333333334 0.08193236714975845 0.13474666666666665
0 0.6873671497584541 0.5090533333333332 0.06940418679549108 0.12189333333333335
0 0.6756078904991949 0.5112 0.07094202898550726 0.10816
0 0.5659420289855073 0.5394266666666666 0.052624798711755245 0.13645333333333337
0 0.42369162640901775 0.5273599999999999 0.04785024154589377 0.11269333333333331
0 0.6045652173913043 0.4862133333333333 0.053317230273752035 0.07834666666666673
