0 0.45943236714975844 0.5428133333333334 0.039025764895330134 0.102
0 0.26485909822866344 0.59512 0.13210144927536233 0.17381333333333326
0 0.3124315619967794 0.5681999999999999 0.09652173913043478 0.15783999999999998
0 0.3580917874396135 0.5478933333333333 0.08025764895330109 0.10634666666666664
0 0.3821014492753623 0.5396266666666667 0.06017713365539453 0.09194666666666663
0 0.6309259259259259 0.66056 0.13528180354267308 0.32048
0 0.5886956521739131 0.6052133333333334 0.07351046698872782 0.19650666666666666
0 0.5566384863123994 0.5688799999999999 0.06082930756843797 0.15221333333333337
0 0.17091384863123993 0.5578933333333332 0.07899355877616746 0.11221333333333336
0 0.47137278582930753 0.52664 0.029524959742351014 0.08298666666666668
