0 0.5063929146537842 0.5403733333333333 0.05061191626409019 0.13599999999999998
0 0.16740740740740742 0.7356 0.2431723027375201 0.5234666666666666
0 0.2530877616747182 0.6330399999999999 0.16757648953301124 0.31967999999999996
0 0.3796658615136876 0.5400666666666666 0.10596618357487923 0.14525333333333332
0 0.40497181964573264 0.5119866666666667 0.06575684380032203 0.1054666666666667
0 0.4175966183574879 0.5054933333333334 0.06498389694041866 0.09317333333333333
0 0.7830394524959742 0.6709200000000001 0.24880032206119163 0.4564
1 0.6485668276972625 0.61648 0.03917874396135263 0.2870933333333333
0 0.6517914653784219 0.5806133333333333 0.09669082125603867 0.19424
0 0.6106038647342994 0.5485466666666666 0.0651207729468599 0.13704000000000002
0 0.5918880837359098 0.5094933333333334 0.056062801932367234 0.1357866666666667
1 0.5595249597423511 0.4982133333333333 0.00966183574879227 0.08127999999999996
0 0.04953703703703704 0.6450666666666666 0.09907407407407408 0.29295999999999994
0 0.29935990338164253 0.5170933333333333 0.07739935587761675 0.12586666666666663
0 0.5046256038647343 0.4940133333333333 0.0295088566827698 0.08909333333333332
0 0.14642109500805153 0.5955866666666666 0.1559661835748792 0.22183999999999998
