0 0.4942391304347826 0.5575066666666666 0.04261674718196453 0.11735999999999998
0 0.07357487922705314 0.7669466666666667 0.14714975845410627 0.4607733333333333
0 0.16901771336553947 0.7237066666666666 0.21399355877616744 0.45402666666666663
0 0.3085185185185185 0.6020266666666666 0.12687600644122388 0.1992533333333333
0 0.38128824476650564 0.55808 0.09212560386473427 0.1150933333333334
1 0.8026771336553945 0.71612 0.07595008051529785 0.47768000000000005
0 0.4920169082125604 0.52672 0.02685185185185187 0.08165333333333334
0 0.016928341384863124 0.5708266666666667 0.03385668276972625 0.1914666666666667
0 0.08139291465378422 0.5728266666666667 0.11085346215780999 0.13402666666666663
0 0.1590217391304348 0.6067733333333333 0.15453301127214172 0.2262399999999999
0 0.2517914653784219 0.5610933333333333 0.0832125603864734 0.1526933333333333
1 0.1280233494363929 0.53404 0.015032206119162653 0.1489866666666666
1 0.19885668276972623 0.5277466666666667 0.010869565217391304 0.09298666666666668
