1 0.6163489499192245 0.6597192513368983 0.050080775444264945 0.4575668449197861
1 0.6884208400646203 0.6459625668449197 0.052237479806139 0.46064171122994657
1 0.2530815831987076 0.5962967914438502 0.040654281098546075 0.30655080213903735
1 0.522269789983845 0.5448262032085561 0.023424878836833606 0.2036096256684492
1 0.6805048465266559 0.5663368983957219 0.04469305331179325 0.30502673796791446
1 0.8966397415185784 0.6036229946524063 0.06192245557350554 0.452807486631016
1 0.8615670436187398 0.570307486631016 0.04038772213247173 0.355
1 0.33553311793214863 0.5722058823529411 0.026381260096930554 0.23371657754010686
1 0.3110581583198708 0.5661363636363637 0.021534733441033946 0.23863636363636362
1 0.9245759289176091 0.5662032085561497 0.058424878836833546 0.38951871657754017
0 0.43697899838449117 0.48512032085561496 0.02941841680129247 0.09820855614973266
0 0.3565347334410339 0.5093582887700534 0.07059773828756057 0.1933155080213904
