0 0.4504593070104754 0.5106515957446808 0.017437550362610785 0.04827127659574469
0 0.03892425463336019 0.7576462765957447 0.07784850926672038 0.47938829787234044
0 0.5347622884770347 0.5913164893617021 0.08799355358581792 0.21896276595744685
0 0.19922240128928284 0.6496675531914894 0.15090249798549557 0.26672872340425535
0 0.28817888799355357 0.5851994680851064 0.08064464141821115 0.16412234042553187
0 0.4253344077356969 0.5414760638297872 0.03840451248992745 0.11896276595744686
0 0.3201289282836422 0.5470744680851063 0.05410153102336828 0.11313829787234041
0 0.24567284448025783 0.5486436170212766 0.06568896051571312 0.11308510638297875
0 0.35373086220789685 0.5266356382978723 0.031603545527800134 0.07539893617021275
0 0.3643714746172441 0.5170478723404255 0.02473005640612409 0.061170212765957445
