0 0.6992954911433172 0.5310933333333333 0.19422705314009664 0.22703999999999996
0 0.918047504025765 0.44373333333333326 0.10266505636070852 0.10192
0 0.8891867954911432 0.44887999999999995 0.09811594202898542 0.0949866666666666
0 0.8624677938808373 0.4477866666666667 0.09662640901771345 0.09434666666666673
0 0.37003623188405793 0.5502533333333333 0.052020933977455726 0.13176000000000007
0 0.4377294685990339 0.5249333333333334 0.03990338164251212 0.10325333333333332
0 0.6612117552334943 0.4710666666666667 0.08884863123993561 0.1117866666666667
0 0.7461151368760064 0.44819999999999993 0.04425925925925919 0.08274666666666666
0 0.7760466988727859 0.45006666666666667 0.048711755233494365 0.07517333333333333
0 0.3902898550724638 0.5380533333333333 0.04462157809983903 0.10272000000000002
0 0.5332528180354267 0.49790666666666666 0.031095008051529795 0.07032000000000001
0 0.4922906602254428 0.5037466666666667 0.021811594202898577 0.05773333333333327
