0 0.4943880837359098 0.5494933333333333 0.0444927536231884 0.12101333333333332
0 0.13247987117552337 0.7327599999999999 0.21286634460547504 0.47944000000000003
0 0.2447061191626409 0.6369733333333333 0.1741304347826087 0.31287999999999994
0 0.34283011272141706 0.5626133333333333 0.11664251207729469 0.16149333333333332
0 0.36606682769726245 0.5470933333333333 0.09131239935587764 0.1436266666666667
0 0.39074476650563605 0.5292666666666667 0.07210144927536237 0.10045333333333337
0 0.8604307568438003 0.71228 0.27752818035426735 0.5701066666666667
1 0.6000201288244765 0.5613066666666666 0.021199677938808406 0.16549333333333333
0 0.7932004830917874 0.5682533333333334 0.15764090177133652 0.19874666666666665
0 0.490475040257649 0.52032 0.027745571658615076 0.08384
0 0.07993558776167473 0.6294533333333333 0.15987117552334945 0.27864
0 0.19456521739130433 0.51812 0.0792914653784219 0.11768000000000006
