0 0.5014251207729469 0.53272 0.04827697262479874 0.15114666666666668
0 0.8567834138486312 0.7292 0.26393719806763283 0.5362666666666667
0 0.7388727858293076 0.6216533333333333 0.17914653784219012 0.3322666666666667
0 0.6894887278582931 0.5534666666666667 0.136207729468599 0.2497066666666667
0 0.5808695652173913 0.5067200000000001 0.0784702093397745 0.10901333333333332
0 0.5505273752012882 0.48506666666666665 0.049299516908212576 0.06719999999999997
0 0.25663446054750405 0.52716 0.07602254428341386 0.1299466666666667
0 0.3027858293075684 0.5204133333333333 0.05291465378421902 0.10066666666666667
0 0.33879227053140093 0.5131066666666666 0.039452495974235106 0.06813333333333337
0 0.38786634460547503 0.49135999999999996 0.029098228663446045 0.05194666666666664
0 0.2446135265700483 0.5164133333333333 0.043768115942029 0.08477333333333338
