0 0.4943397745571659 0.5491866666666666 0.04270531400966181 0.1164533333333333
0 0.10598228663446055 0.7442 0.2119645732689211 0.5062666666666666
0 0.2864653784219001 0.61132 0.13816425120772943 0.22829333333333338
0 0.3735024154589372 0.5609466666666667 0.09838969404186794 0.12413333333333329
0 0.4369766505636071 0.49769333333333327 0.046127214170692404 0.07437333333333337
1 0.8945128824476651 0.7107466666666665 0.08830112721417056 0.5731733333333333
0 0.49051127214170687 0.5149199999999999 0.027318840579710103 0.0825333333333333
0 0.05325684380032206 0.5618933333333332 0.10651368760064411 0.14405333333333337
0 0.11327294685990336 0.61828 0.19057165861513686 0.2602933333333334
0 0.22878421900161028 0.5475866666666667 0.09531400966183572 0.16760000000000005
1 0.09782206119162641 0.5185866666666666 0.018784219001610303 0.16064000000000003
1 0.18537037037037035 0.5108799999999999 0.01570048309178744 0.09802666666666672
