0 0.4581763285024155 0.5408000000000001 0.037512077294686016 0.10208
0 0.19799919484702092 0.7674666666666666 0.3513123993558776 0.4597333333333333
0 0.16987117552334943 0.6447333333333334 0.1868760064412238 0.3105333333333333
0 0.3070209339774557 0.5661733333333333 0.10771336553945247 0.13229333333333337
0 0.33899355877616744 0.54808 0.08028985507246375 0.12538666666666662
0 0.3726328502415459 0.5366266666666667 0.07025764895330112 0.08946666666666662
0 0.3903260869565217 0.5313066666666667 0.0524557165861514 0.07866666666666666
0 0.5783494363929146 0.59924 0.08198067632850245 0.20712000000000003
0 0.5569484702093398 0.5714533333333334 0.05152979066022544 0.14279999999999995
0 0.5370209339774558 0.5524533333333334 0.04718196457326894 0.11978666666666662
0 0.06540660225442835 0.5775333333333332 0.1287037037037037 0.14904000000000003
0 0.4647745571658615 0.5259333333333334 0.027745571658615166 0.08194666666666664
