0 0.08926328502415458 0.7797466666666666 0.17852657004830916 0.4351733333333333
0 0.32958937198067634 0.66344 0.12149758454106283 0.2864
0 0.19365942028985506 0.69336 0.1706682769726248 0.31210666666666653
2 0.7019162640901772 0.6636799999999999 0.12210950080515295 0.3363733333333333
0 0.990096618357488 0.5787066666666666 0.018196457326892037 0.30088000000000004
2 0.7775684380032206 0.7010933333333332 0.14223832528180352 0.41658666666666655
1 0.0686231884057971 0.6487999999999999 0.02938808373590982 0.3165333333333333
0 0.4156078904991948 0.5682133333333332 0.044742351046698915 0.12847999999999993
0 0.4412801932367149 0.5321866666666666 0.024444444444444456 0.07349333333333334
0 0.5528059581320451 0.5423333333333333 0.07962157809983895 0.10429333333333336
0 0.52243961352657 0.5190666666666667 0.053848631239935586 0.07450666666666665
