0 0.49245169082125606 0.5458799999999999 0.04527375201288246 0.12253333333333337
0 0.17770933977455716 0.69128 0.209170692431562 0.3897066666666667
0 0.2754790660225443 0.6025066666666666 0.16757648953301124 0.33493333333333336
0 0.3493719806763285 0.5763999999999999 0.11545893719806762 0.16106666666666666
0 0.36093397745571654 0.5567466666666666 0.10049919484702093 0.1403733333333333
0 0.3913164251207729 0.5377066666666667 0.06918679549114332 0.09541333333333334
0 0.41154186795491143 0.5283333333333333 0.05958937198067632 0.08413333333333337
0 0.5918961352657005 0.5677333333333332 0.06625603864734296 0.14794666666666664
0 0.5442632850241546 0.5287466666666667 0.02873590982286639 0.07376000000000006
0 0.48999999999999994 0.5210933333333333 0.029500805152979055 0.08512000000000004
0 0.02712157809983897 0.6658133333333334 0.05424315619967794 0.29775999999999997
0 0.05827697262479871 0.5780266666666666 0.11655394524959742 0.17578666666666662
0 0.15015700483091787 0.5403066666666667 0.08757648953301125 0.13768
