1 0.5591584967320261 0.47204054054054057 0.01838235294117647 0.15294594594594588
1 0.2265441176470588 0.5311621621621623 0.029150326797385627 0.32810810810810814
1 0.6811274509803922 0.6962432432432433 0.07836601307189539 0.6021081081081081
1 0.7584722222222222 0.6798108108108109 0.07539215686274507 0.634972972972973
1 0.5834313725490197 0.5778918918918919 0.04627450980392165 0.38762162162162156
1 0.5488725490196078 0.5695 0.05232026143790856 0.3722972972972972
1 0.6508455882352941 0.5632297297297297 0.03713235294117651 0.36997297297297294
1 0.697593954248366 0.5688513513513515 0.06791666666666667 0.35170270270270276
1 0.8588725490196079 0.5761351351351353 0.02947712418300648 0.2094054054054054
1 0.416687091503268 0.5687432432432433 0.03613562091503265 0.36835135135135133
1 0.4304289215686275 0.5693513513513514 0.024452614379084928 0.312
1 0.46282679738562094 0.5458783783783784 0.032189542483660204 0.34451351351351345
1 0.5008169934640523 0.5695675675675677 0.02629084967320267 0.28172972972972976
1 0.5033986928104576 0.5329324324324325 0.03140522875816989 0.3005135135135135
1 0.3907066993464053 0.5011621621621623 0.025694444444444436 0.22897297297297298
1 0.45503267973856215 0.5017972972972974 0.02946078431372554 0.21024324324324323
1 0.4847794117647059 0.49893243243243246 0.020506535947712345 0.22683783783783787
1 0.522234477124183 0.4903108108108109 0.022426470588235332 0.21591891891891898
