1 0.9651817447495962 0.6036363636363635 0.06802100161550892 0.787379679144385
1 0.3902180936995154 0.6375 0.035008077544426475 0.4405080213903743
1 0.3486025848142165 0.6596925133689839 0.05358642972536352 0.4431283422459892
1 0.5247657512116317 0.5289572192513369 0.023699515347334436 0.22032085561497328
1 0.5143578352180938 0.49628342245989304 0.02414378029079159 0.15459893048128348
1 0.5615306946688207 0.532687165775401 0.017504038772213217 0.21393048128342243
1 0.5965508885298869 0.5007620320855615 0.018578352180936997 0.17949197860962565
1 0.6051534733441034 0.4861764705882352 0.012116316639741519 0.1578609625668449
0 0.46940226171243943 0.4845320855614973 0.02833602584814211 0.07334224598930483
1 0.32470113085621977 0.5496657754010694 0.02718901453957999 0.22077540106951876
1 0.5824313408723748 0.521524064171123 0.019386106623586433 0.1818181818181818
