0 0.931892109500805 0.7803866666666666 0.1346054750402577 0.43389333333333335
0 0.7865539452495975 0.7425066666666666 0.25368760064412244 0.5096533333333333
0 0.03309178743961353 0.5823733333333333 0.06618357487922706 0.16847999999999994
0 0.706268115942029 0.5676666666666667 0.10794685990338168 0.32717333333333337
0 0.3527657004830918 0.51952 0.04844605475040259 0.09802666666666664
0 0.2947866344605475 0.50232 0.0584138486312399 0.13440000000000002
0 0.4251046698872786 0.4867733333333334 0.02782608695652174 0.07610666666666664
0 0.5972061191626409 0.49248000000000003 0.050595813204508885 0.09541333333333334
0 0.6353502415458937 0.4925866666666667 0.05295491143317229 0.10165333333333335
0 0.19221014492753624 0.5239466666666667 0.0731964573268921 0.10122666666666669
0 0.10981078904991948 0.52972 0.06612721417069242 0.09090666666666668
