0 0.456694847020934 0.5408133333333334 0.03739935587761679 0.10178666666666664
0 0.1730877616747182 0.7759866666666666 0.3461755233494364 0.44269333333333327
0 0.12243156199677939 0.6791999999999999 0.21114331723027377 0.3734933333333334
0 0.29388888888888887 0.5717066666666666 0.11410628019323674 0.14384000000000005
0 0.3298792270531401 0.55232 0.08478260869565218 0.13424
0 0.3672061191626409 0.5384133333333333 0.07359098228663444 0.09442666666666673
0 0.38595813204508855 0.53212 0.054798711755233494 0.08253333333333338
0 0.5907045088566828 0.6154933333333333 0.0949355877616747 0.23493333333333338
0 0.5652455716586152 0.5830799999999999 0.05706119162640902 0.1574666666666667
0 0.5414090177133656 0.5569866666666666 0.05177133655394531 0.12885333333333332
0 0.19769323671497582 0.5466666666666666 0.06691626409017712 0.09967999999999999
0 0.4656642512077295 0.5226666666666666 0.028091787439613516 0.08186666666666663
