0 0.8394927536231884 0.7442533333333334 0.31940418679549115 0.5061599999999999
0 0.015410628019323672 0.59156 0.030821256038647344 0.17357333333333333
0 0.7299516908212561 0.5800799999999999 0.12342995169082122 0.36912
0 0.34240338164251205 0.5246266666666667 0.051392914653784205 0.10247999999999993
0 0.28146135265700484 0.5069333333333333 0.0624074074074074 0.1405333333333333
0 0.41855072463768117 0.4896266666666667 0.029001610305958162 0.0788266666666666
0 0.5967512077294685 0.496 0.05292270531400967 0.09914666666666669
0 0.6357045088566828 0.4959466666666667 0.055257648953301125 0.10543999999999998
0 0.1738486312399356 0.5321733333333333 0.07874396135265699 0.10621333333333328
0 0.08660628019323671 0.53864 0.07152173913043477 0.09621333333333336
