1 0.7546658615136876 0.65096 0.06268115942028987 0.5811733333333333
1 0.03475040257648953 0.62696 0.06950080515297906 0.3504
1 0.08223027375201288 0.63208 0.0519645732689211 0.4048533333333333
2 0.3404307568438003 0.5393466666666666 0.03467793880837363 0.20535999999999996
1 0.16354669887278583 0.5565599999999999 0.01892914653784218 0.19525333333333333
1 0.7555273752012882 0.6174933333333333 0.053872785829307636 0.44661333333333336
1 0.6952294685990338 0.65364 0.033083735909822894 0.24978666666666663
1 0.7128059581320452 0.6515066666666667 0.0374637681159421 0.2504266666666666
2 0.501171497584541 0.5105999999999999 0.03421095008051531 0.11832000000000001
0 0.37448470209339774 0.5025866666666666 0.05636070853462158 0.06442666666666673
