0 0.48893719806763286 0.5423866666666666 0.045491143317230275 0.12258666666666666
0 0.07935587761674719 0.7425866666666667 0.15871175523349437 0.5094933333333334
0 0.19656199677938807 0.6618933333333333 0.2210305958132045 0.49653333333333327
0 0.3187037037037037 0.5854133333333333 0.13594202898550722 0.19984
0 0.33837359098228664 0.55492 0.11671497584541066 0.16632
0 0.377512077294686 0.5268799999999999 0.0771980676328502 0.10741333333333333
0 0.4032447665056361 0.5150533333333333 0.06542673107890504 0.09240000000000001
0 0.6114573268921095 0.5761866666666666 0.0820933977455716 0.17567999999999998
0 0.5481360708534623 0.5200933333333333 0.03255233494363925 0.07965333333333334
0 0.48900563607085346 0.5045999999999999 0.02868760064412238 0.0865333333333333
0 0.02108695652173913 0.5572133333333332 0.04217391304347826 0.17565333333333327
0 0.09269726247987117 0.5269066666666666 0.11077294685990337 0.16106666666666666
