0 0.504231078904992 0.6104266666666667 0.0627777777777778 0.17775999999999997
0 0.1534621578099839 0.60432 0.11600644122383251 0.17834666666666665
2 0.838840579710145 0.64172 0.14028985507246378 0.3177333333333334
1 0.34380434782608693 0.6194533333333333 0.02871980676328499 0.29511999999999994
0 0.35791062801932366 0.5819066666666667 0.0965942028985507 0.15938666666666662
0 0.3910507246376811 0.5698666666666666 0.08433977455716582 0.10794666666666664
0 0.4165217391304347 0.54832 0.05971014492753621 0.08858666666666666
0 0.437914653784219 0.5345333333333333 0.04462157809983903 0.05893333333333332
0 0.5635185185185185 0.56032 0.04186795491143317 0.09887999999999995
0 0.48573268921095003 0.5570266666666667 0.034396135265700505 0.10685333333333331
0 0.2756441223832528 0.5417866666666666 0.051465378421900174 0.07808
