0 0.8945893719806762 0.76132 0.20921095008051532 0.47202666666666665
0 0.8354710144927536 0.6660933333333334 0.21859098228663457 0.5836533333333334
0 0.3050402576489533 0.54308 0.062415458937198055 0.1185333333333333
0 0.2336111111111111 0.5237066666666667 0.07809178743961351 0.1628266666666666
0 0.3943035426731079 0.49935999999999997 0.03314814814814816 0.08783999999999999
0 0.5919927536231884 0.5101333333333333 0.06036231884057973 0.11146666666666662
0 0.48246376811594205 0.475 0.02703703703703707 0.07698666666666668
0 0.6356320450885667 0.50576 0.06303542673107897 0.11829333333333336
0 0.11093397745571659 0.5576933333333333 0.0996779388083736 0.12568
0 0.027298711755233494 0.5712933333333333 0.05459742351046699 0.11330666666666661
