0 0.5019927536231884 0.54084 0.053985507246376775 0.16898666666666667
0 0.9007165861513688 0.7337866666666667 0.19695652173913045 0.5270933333333333
0 0.783450080515298 0.6160399999999999 0.1886714975845411 0.39906666666666657
0 0.5972342995169082 0.5185333333333333 0.09137681159420291 0.13232000000000002
0 0.5591304347826087 0.48610666666666663 0.05471819645732683 0.07530666666666669
0 0.5466747181964573 0.48148 0.03806763285024153 0.05821333333333337
0 0.20742351046698873 0.5424666666666667 0.10243156199677941 0.16050666666666666
0 0.2715861513687601 0.5295333333333333 0.06603864734299515 0.11832000000000001
0 0.3175 0.52212 0.046835748792270544 0.07768000000000005
0 0.377109500805153 0.4925466666666667 0.03199677938808374 0.05682666666666667
0 0.207109500805153 0.5262933333333334 0.053478260869565204 0.09813333333333328
