0 0.46479871175523346 0.5329066666666666 0.03993558776167474 0.10287999999999996
0 0.18 0.7770133333333333 0.36 0.44064000000000003
0 0.34331320450885666 0.6546533333333333 0.14303542673107894 0.33047999999999994
0 0.2601650563607085 0.58116 0.1409098228663446 0.21143999999999996
0 0.3376046698872786 0.5398133333333334 0.08905797101449277 0.10767999999999998
0 0.35957729468599037 0.5270933333333333 0.06902576489533008 0.10416
0 0.3860950080515298 0.5191066666666666 0.061851851851851894 0.07682666666666667
0 0.5564049919484703 0.5544533333333334 0.05892914653784214 0.15205333333333335
0 0.529243156199678 0.5262666666666667 0.039452495974235106 0.09781333333333335
0 0.1446376811594203 0.5438000000000001 0.09173913043478261 0.11618666666666672
0 0.4644122383252818 0.5117866666666667 0.02776167471819647 0.08079999999999996
