0 0.4934903381642512 0.5454933333333333 0.04499999999999999 0.12170666666666663
0 0.1917632850241546 0.6743733333333333 0.183768115942029 0.37871999999999995
0 0.27551932367149756 0.6097866666666666 0.15409822866344605 0.26485333333333333
0 0.35394927536231885 0.55048 0.10900966183574878 0.14719999999999997
0 0.37383655394524967 0.5355866666666667 0.08598228663446056 0.13277333333333338
0 0.39590982286634463 0.5253599999999999 0.06885668276972629 0.09482666666666667
0 0.8406400966183575 0.7080133333333333 0.317109500805153 0.57864
1 0.5918115942028985 0.5456533333333333 0.01904991948470207 0.1536
0 0.7669605475040258 0.5559333333333333 0.1423590982286635 0.18103999999999995
0 0.4902697262479871 0.5155333333333333 0.02786634460547505 0.08418666666666672
0 0.03305152979066022 0.6324533333333333 0.06610305958132044 0.3064533333333333
0 0.11356280193236713 0.6118399999999999 0.16078099838969404 0.24239999999999992
0 0.21029790660225442 0.5052666666666666 0.07285024154589373 0.11096000000000003
