0 0.4954710144927536 0.5266666666666666 0.038333333333333254 0.12010666666666672
0 0.8908373590982287 0.7436533333333333 0.2167149758454106 0.5073599999999999
0 0.3596497584541063 0.5379466666666667 0.04567632850241547 0.09056000000000002
0 0.6459782608695652 0.5500666666666667 0.1297181964573269 0.19282666666666667
0 0.591171497584541 0.5300533333333333 0.09303542673107887 0.12629333333333329
0 0.34326892109500806 0.5119066666666666 0.03842190016103057 0.07773333333333335
0 0.3631119162640902 0.4997733333333333 0.030378421900161046 0.06514666666666669
0 0.4070410628019323 0.4949066666666666 0.020136876006441172 0.03973333333333335
0 0.31909822866344606 0.5032800000000001 0.024057971014492748 0.056799999999999955
0 0.13941626409017713 0.51076 0.03144122383252819 0.06418666666666664
