2 0.6800204248366013 0.5383648648648649 0.0283415032679739 0.28391891891891896
1 0.8161928104575163 0.6680945945945946 0.09021241830065366 0.6584054054054055
1 0.7471936274509805 0.4849324324324325 0.017785947712418378 0.1625675675675676
1 0.512483660130719 0.5842027027027027 0.04026143790849671 0.32991891891891895
1 0.4698447712418301 0.5779324324324324 0.03491830065359478 0.31516216216216214
1 0.47864379084967323 0.5671486486486488 0.0393790849673203 0.3533783783783785
1 0.7285049019607844 0.5073243243243243 0.023709150326797466 0.19843243243243242
1 0.9043382352941176 0.5071486486486486 0.024705882352941185 0.22478378378378377
1 0.9265236928104575 0.5006756756756757 0.02915849673202619 0.25713513513513514
1 0.9230433006535949 0.5183513513513514 0.020678104575163354 0.2114594594594595
