1 0.9631260096930533 0.6579411764705881 0.07213247172859448 0.6787700534759358
1 0.6169709208400647 0.6725534759358289 0.05946688206785138 0.5117379679144385
2 0.12013327948303716 0.6921390374331551 0.24026655896607432 0.6103743315508021
1 0.7923424878836833 0.5525935828877004 0.04990306946688205 0.4424064171122994
1 0.8526534733441035 0.5595053475935828 0.040072697899838555 0.39104278074866305
1 0.41175686591276256 0.5397593582887701 0.014903069466882106 0.1851336898395722
1 0.3938126009693053 0.5502673796791444 0.01672051696284329 0.1748663101604278
1 0.46240306946688203 0.5379946524064171 0.018247172859450753 0.17732620320855613
1 0.4806300484652666 0.5126470588235295 0.015783521809369924 0.134331550802139
1 0.4942568659127625 0.5361898395721925 0.015008077544426436 0.17034759358288765
0 0.43246768982229405 0.4951604278074866 0.023562197092084066 0.060748663101604275
1 0.4082956381260097 0.5345855614973262 0.017899838449111447 0.16922459893048133
