0 0.31216586151368764 0.7230399999999999 0.23349436392914655 0.4667733333333334
0 0.852987117552335 0.7671733333333333 0.292415458937198 0.46032
0 0.754766505636071 0.7354666666666665 0.23020933977455724 0.50288
0 0.9653140096618358 0.4941466666666667 0.06776167471819652 0.22472000000000003
0 0.3935144927536232 0.5748800000000001 0.07965378421900166 0.18533333333333332
0 0.42809983896940423 0.54792 0.06650563607085348 0.13973333333333327
0 0.7180475040257649 0.5057333333333334 0.07176328502415459 0.11216
0 0.6929790660225443 0.5018133333333333 0.06135265700483086 0.10373333333333334
0 0.5873148148148147 0.5273066666666667 0.0432286634460547 0.11290666666666667
0 0.4663204508856683 0.51096 0.03948470209339781 0.09520000000000005
0 0.628731884057971 0.4766533333333333 0.04883252818035434 0.07138666666666661
