0 0.4978260869565217 0.5266266666666667 0.040853462157809994 0.12797333333333327
0 0.23363123993558774 0.6125733333333334 0.11943639291465376 0.20072
0 0.7544283413848631 0.6263866666666666 0.2033494363929146 0.35912000000000005
0 0.6373228663446056 0.5528 0.1264975845410628 0.18362666666666663
0 0.6189895330112722 0.5378000000000001 0.10090982286634465 0.15149333333333334
0 0.6075885668276972 0.5165333333333333 0.08427536231884064 0.13802666666666671
0 0.5555958132045088 0.4994133333333333 0.05953301127214166 0.07887999999999995
0 0.5385628019323672 0.4858933333333333 0.04074879227053141 0.05477333333333331
0 0.3193317230273752 0.5145733333333333 0.04819645732689212 0.09277333333333339
0 0.3461030595813205 0.5098266666666667 0.036876006441223845 0.07608
0 0.3674074074074074 0.5057200000000001 0.028760064412238346 0.05383999999999999
0 0.4008454106280193 0.4924133333333333 0.023107890499194882 0.04386666666666664
0 0.29624798711755235 0.5066533333333333 0.029661835748792297 0.06557333333333334
0 0.08281400966183575 0.5168 0.034049919484702096 0.07557333333333334
