0 0.49546698872785827 0.5484666666666667 0.04365539452495976 0.11874666666666667
0 0.1442512077294686 0.7365733333333334 0.23421900161030598 0.49053333333333327
0 0.31406602254428345 0.5871333333333334 0.13703703703703704 0.2008266666666666
0 0.3456400966183575 0.5658133333333333 0.1056119162640902 0.17184
0 0.37851046698872787 0.5386666666666666 0.07962962962962956 0.11407999999999992
1 0.6201650563607085 0.5700666666666666 0.02549919484702099 0.1957066666666666
0 0.8637359098228663 0.5854933333333333 0.20070853462157817 0.24624000000000007
0 0.49313204508856684 0.5224666666666666 0.02756843800322062 0.08327999999999997
0 0.03410225442834138 0.6452 0.06820450885668276 0.3077866666666667
0 0.15697262479871177 0.5350933333333334 0.09561996779388084 0.13391999999999998
0 0.21898953301127216 0.5315599999999999 0.05960547504025765 0.08488000000000002
