0 0.6075423045930701 0.6056382978723405 0.08881547139403709 0.20313829787234047
0 0.07383561643835616 0.6552260638297872 0.14767123287671233 0.3503457446808511
0 0.2730660757453666 0.6705851063829786 0.16962933118452858 0.33484042553191484
0 0.38162369057211926 0.5614361702127659 0.06492344883158742 0.1579255319148936
0 0.5457493956486705 0.5346808510638298 0.04123287671232873 0.10132978723404254
0 0.2578364222401289 0.5712234042553191 0.0858420628525383 0.1533510638297873
0 0.40896857373086215 0.5414760638297872 0.04428686543110393 0.10571808510638298
0 0.3311764705882353 0.5397872340425532 0.04939564867042708 0.09606382978723406
0 0.3682272360999194 0.5274335106382979 0.03352135374697821 0.07268617021276591
0 0.43721998388396444 0.5163297872340425 0.021450443190975024 0.053457446808510625
0 0.4834206285253827 0.5110239361702127 0.019572925060435193 0.06077127659574466
0 0.5127276390008058 0.5088164893617021 0.016301369863013712 0.04874999999999995
0 0.5035777598710718 0.5059973404255319 0.014891216760676796 0.04268617021276599
