0 0.4862157809983897 0.5301466666666667 0.04565217391304351 0.12290666666666668
0 0.24426731078904992 0.6407866666666667 0.18721417069243154 0.31160000000000004
0 0.2852294685990338 0.5845733333333333 0.15355072463768119 0.23367999999999992
0 0.3529227053140097 0.5392933333333334 0.0931400966183575 0.13373333333333334
0 0.38788244766505636 0.5146533333333333 0.07661835748792273 0.10973333333333335
0 0.6597061191626409 0.6077866666666667 0.1257085346215781 0.24773333333333333
0 0.5563365539452496 0.52084 0.039645732689210955 0.09330666666666669
0 0.4887922705314009 0.50256 0.029339774557165813 0.08864000000000002
0 0.11047906602254429 0.5327866666666667 0.08741545893719806 0.11736000000000005
0 0.22576892109500804 0.5062933333333334 0.06076489533011272 0.08293333333333332
