0 0.04589371980676329 0.7598933333333332 0.09178743961352658 0.47488
0 0.13960144927536233 0.6311733333333333 0.23757648953301128 0.28096000000000004
0 0.21973429951690818 0.6074133333333334 0.21454106280193236 0.23616
0 0.2481280193236715 0.5842533333333333 0.17395330112721416 0.19954666666666662
0 0.7755636070853462 0.7427733333333334 0.2703542673107891 0.5091199999999999
0 0.5827053140096619 0.5716133333333333 0.06243156199677936 0.14482666666666666
0 0.31092995169082127 0.5711333333333334 0.1228099838969404 0.1671733333333333
0 0.35186392914653786 0.5429333333333333 0.08330917874396138 0.12981333333333334
0 0.6320370370370371 0.53896 0.08958132045088565 0.09706666666666668
0 0.3807487922705314 0.5044133333333333 0.07402576489533011 0.12871999999999995
0 0.4058937198067633 0.5157066666666666 0.05943639291465378 0.06640000000000001
0 0.4209742351046698 0.5038 0.053268921095008026 0.07346666666666662
