0 0.05334541062801932 0.7892533333333334 0.10669082125603864 0.41616
0 0.6035950080515298 0.5889866666666667 0.09612721417069242 0.23029333333333335
0 0.16923913043478261 0.58192 0.15369565217391304 0.18287999999999996
0 0.7631119162640901 0.7469066666666667 0.247962962962963 0.5008533333333333
0 0.572097423510467 0.5461866666666666 0.05822061191626414 0.15808
0 0.36619565217391303 0.5604266666666666 0.06517713365539456 0.14703999999999995
0 0.39232286634460545 0.53076 0.04888083735909821 0.134
0 0.5458132045088566 0.5230533333333333 0.03988727858293073 0.10775999999999998
0 0.879182769726248 0.7652266666666666 0.24002415458937199 0.46421333333333337
0 0.4142632850241546 0.52928 0.0374476650563607 0.10666666666666666
0 0.43950885668276973 0.5028133333333333 0.01867954911433176 0.03992
