2 0.9476674836601306 0.5220810810810811 0.0979166666666666 0.28497297297297297
1 0.8080187908496732 0.4881486486486487 0.019354575163398738 0.17613513513513512
1 0.0953390522875817 0.6515675675675675 0.1906781045751634 0.6914594594594595
1 0.061401143790849676 0.626418918918919 0.12280228758169935 0.7417567567567568
1 0.6022549019607844 0.5561081081081081 0.031601307189542446 0.2510810810810811
2 0.735923202614379 0.5213648648648648 0.07220588235294118 0.21494594594594596
2 0.9650612745098041 0.49783783783783786 0.06824346405228757 0.2267027027027027
1 0.8647671568627451 0.5432297297297298 0.03574346405228758 0.31916216216216226
1 0.8856903594771243 0.5420675675675676 0.036413398692810406 0.3849459459459459
1 0.8732148692810459 0.5600135135135135 0.026200980392156813 0.3032702702702703
