0 0.46365431103948423 0.5114627659574468 0.01741337630942789 0.048936170212765896
0 0.08328767123287671 0.7541356382978723 0.16657534246575342 0.4864095744680851
0 0.5653746978243352 0.6047074468085106 0.10224012892828363 0.24505319148936167
0 0.25029814665592265 0.6221675531914893 0.11903303787268334 0.2232180851063829
0 0.3180701047542305 0.574813829787234 0.0692103142626914 0.14696808510638296
0 0.4394923448831587 0.5390558510638298 0.03745366639806609 0.11454787234042552
0 0.3414826752618855 0.5426595744680851 0.04870265914585012 0.10510638297872343
0 0.2656970185334408 0.5457579787234041 0.06146655922643032 0.10848404255319147
0 0.37036261079774374 0.5261436170212765 0.02891216760676873 0.07218085106382982
0 0.37975825946817077 0.5155452127659576 0.023239323126510857 0.058590425531914896
