0 0.16377616747181964 0.7652666666666667 0.3275523349436393 0.46413333333333334
0 0.8652053140096618 0.6921733333333333 0.26797906602254434 0.61032
0 0.7644524959742351 0.6178533333333333 0.32581320450885665 0.3554933333333334
0 0.11089371980676328 0.7706266666666667 0.22178743961352657 0.45341333333333333
0 0.602024959742351 0.5363066666666667 0.14614331723027374 0.1995466666666667
0 0.5299074074074074 0.5117066666666666 0.03174718196457332 0.09184000000000006
0 0.5171779388083736 0.5071866666666667 0.02918679549114332 0.08898666666666667
1 0.468317230273752 0.48449333333333333 0.007246376811594203 0.0545333333333333
1 0.4721135265700483 0.4836533333333333 0.006706924315619909 0.05306666666666668
0 0.4466304347826087 0.4857733333333333 0.013711755233494343 0.04818666666666665
