1 0.6103271405492731 0.6468850267379679 0.04819870759289173 0.4460160427807486
1 0.6821647819063005 0.6206016042780748 0.050080775444264945 0.4446791443850267
1 0.21346122778675283 0.5995187165775401 0.040654281098546054 0.31534759358288766
1 0.5181583198707593 0.5416577540106952 0.018578352180936997 0.20336898395721925
1 0.6449273021001616 0.5671390374331551 0.03796445880452343 0.30497326203208547
1 0.930080775444265 0.6276871657754011 0.09935379644588045 0.5146791443850267
1 0.9116760904684976 0.5789973262032085 0.04873182552504033 0.4008823529411764
1 0.3079806138933764 0.5868716577540107 0.03284329563812603 0.27620320855614966
1 0.2821647819063005 0.5860828877005347 0.025315024232633307 0.28596256684491983
1 0.9054442649434573 0.5618582887700534 0.0908077544426495 0.39098930481283417
0 0.4402665589660743 0.48749999999999993 0.03432956381260097 0.11467914438502677
0 0.35470920840064624 0.5066176470588235 0.07512116316639741 0.20328877005347593
