0 0.48185334407735697 0.5232047872340425 0.034488315874294885 0.10374999999999997
0 0.09925463336019338 0.7356250000000001 0.19850926672038677 0.5234308510638298
0 0.07901692183722804 0.655438829787234 0.15803384367445608 0.29359042553191483
0 0.2234891216760677 0.5705053191489361 0.11479452054794519 0.20372340425531912
0 0.35096696212731665 0.593470744680851 0.09529411764705881 0.20625000000000002
0 0.30628928283642226 0.5484308510638297 0.0690491539081386 0.12521276595744685
0 0.4176228847703465 0.5394946808510639 0.04531829170024174 0.10265957446808509
0 0.3832433521353747 0.5140292553191489 0.0320628525382756 0.06869680851063825
0 0.023787268331990328 0.6071808510638298 0.047574536663980656 0.21803191489361706
0 0.11976228847703464 0.5736170212765958 0.11926672038678483 0.16425531914893615
