0 0.49353462157809985 0.5416133333333334 0.046215780998389674 0.12440000000000001
0 0.08150966183574879 0.7418666666666666 0.16301932367149757 0.5109333333333334
0 0.2664935587761675 0.6100533333333332 0.14326086956521739 0.26671999999999996
0 0.3179710144927536 0.57508 0.1275684380032206 0.20386666666666664
0 0.37366747181964577 0.5364133333333333 0.09488727858293072 0.12535999999999997
0 0.40201690821256036 0.50912 0.06501610305958128 0.08511999999999996
0 0.8694323671497585 0.7687066666666666 0.25952495974235107 0.4572533333333333
0 0.7297705314009661 0.63176 0.18743156199677935 0.38186666666666663
1 0.5793800322061191 0.5337066666666667 0.015024154589371955 0.1346133333333333
0 0.7323752012882447 0.5378133333333334 0.12256038647342997 0.15482666666666667
0 0.4900161030595813 0.51048 0.028164251207729484 0.08511999999999996
0 0.08132447665056361 0.6158 0.16264895330112722 0.27464
0 0.19060789049919485 0.5757466666666666 0.1151610305958132 0.18760000000000004
0 0.23651368760064412 0.49729333333333336 0.0626731078904992 0.09986666666666671
