1 0.0765217391304348 0.5061599999999999 0.01288244766505636 0.13946666666666668
1 0.4240257648953301 0.47829333333333335 0.008856682769726247 0.09578666666666663
0 0.3978260869565218 0.47045333333333333 0.04262479871175528 0.10911999999999997
0 0.42673107890499196 0.4767866666666667 0.042769726247987076 0.08136000000000004
0 0.46784621578099844 0.47377333333333327 0.05074879227053147 0.07085333333333331
0 0.6060305958132045 0.46152 0.038389694041867914 0.06175999999999999
0 0.6387479871175523 0.46001333333333333 0.04206924315619968 0.06573333333333335
0 0.6641425120772947 0.4650666666666667 0.04851046698872786 0.05248000000000002
0 0.687805958132045 0.46589333333333327 0.03609500805152973 0.05290666666666667
0 0.7074919484702092 0.4662266666666666 0.03976650563607084 0.05005333333333336
0 0.7292351046698873 0.46252 0.046747181964573316 0.05224000000000001
0 0.787073268921095 0.4537066666666666 0.04511272141706922 0.05008
0 0.8043035426731079 0.45472 0.039557165861513685 0.04581333333333335
