0 0.47831184528605963 0.5253191489361703 0.03546333601933924 0.10670212765957447
0 0.15207091055600322 0.736595744680851 0.30414182111200644 0.5214893617021277
0 0.06049153908138597 0.6876595744680851 0.12098307816277194 0.34755319148936165
0 0.26833601933924256 0.5526063829787234 0.0854391619661563 0.16377659574468081
0 0.36834004834810635 0.5723537234042554 0.07714746172441579 0.17087765957446807
0 0.3273569701853344 0.5369680851063829 0.05647058823529415 0.10670212765957447
0 0.42007252215954877 0.534375 0.04049959709911365 0.09284574468085105
0 0.38881950040290086 0.5115292553191488 0.029033037872683343 0.06343085106382977
0 0.06792908944399677 0.595531914893617 0.13585817888799354 0.20164893617021273
0 0.1821474617244158 0.5551994680851063 0.08721192586623691 0.13178191489361704
