0 0.5015700483091787 0.53804 0.052012882447665075 0.16279999999999994
0 0.8512117552334943 0.7292266666666666 0.2353703703703703 0.5362133333333333
0 0.7457447665056361 0.5916533333333334 0.16897745571658623 0.33722666666666673
0 0.5914653784219001 0.5157866666666667 0.08703703703703705 0.12389333333333336
0 0.5565458937198068 0.4869466666666667 0.05293075684380033 0.07261333333333331
0 0.5457648953301126 0.4820933333333333 0.037117552334943654 0.056666666666666664
0 0.22524557165861514 0.5394266666666666 0.09260064412238325 0.14989333333333327
0 0.2821135265700483 0.5278266666666667 0.06140901771336552 0.11239999999999993
0 0.324975845410628 0.51972 0.04434782608695655 0.07442666666666665
0 0.38072463768115944 0.4922266666666666 0.031159420289855064 0.05522666666666669
0 0.22080917874396136 0.5226666666666666 0.04983091787439613 0.09322666666666661
