1 0.3736764705882353 0.5934594594594594 0.04527777777777774 0.3533513513513513
0 0.4542892156862745 0.5253648648648649 0.05334967320261444 0.14440540540540542
1 0.21355392156862746 0.5248918918918919 0.02733660130718955 0.20102702702702702
1 0.12002042483660132 0.5236351351351352 0.026315359477124167 0.23164864864864868
1 0.12468545751633989 0.4813108108108108 0.015923202614379094 0.17002702702702702
0 0.9132434640522875 0.5768648648648649 0.15746732026143792 0.15616216216216217
0 0.8288235294117647 0.5540270270270271 0.08838235294117643 0.13021621621621624
0 0.8938807189542485 0.5574324324324325 0.09872549019607836 0.12464864864864866
0 0.9477450980392157 0.5591486486486487 0.10287581699346411 0.12624324324324326
1 0.11250816993464054 0.5219864864864865 0.02330065359477124 0.2115945945945946
1 0.17042483660130722 0.4877162162162162 0.020441176470588244 0.18451351351351356
1 0.1459763071895425 0.4935675675675676 0.018864379084967322 0.16448648648648653
1 0.2272549019607843 0.49655405405405406 0.010375816993464043 0.13559459459459464
1 0.20982434640522876 0.4861621621621622 0.013292483660130704 0.14308108108108109
1 0.2005637254901961 0.4936216216216216 0.012156862745098036 0.1229189189189189
1 0.18415849673202614 0.4900405405405406 0.013676470588235302 0.1353243243243243
0 0.5060661764705882 0.5021486486486487 0.029452614379085022 0.07624324324324327
1 0.18705882352941175 0.47352702702702704 0.01222222222222223 0.1185675675675675
