0 0.961791465378422 0.5530933333333332 0.07480676328502422 0.3582933333333333
0 0.9134460547504025 0.54616 0.17149758454106281 0.25925333333333334
0 0.8271376811594203 0.52832 0.1343880837359098 0.20367999999999997
0 0.8982286634460547 0.7474933333333333 0.20193236714975843 0.49967999999999996
0 0.7442592592592593 0.7247599999999998 0.22772946859903376 0.43944000000000005
0 0.1639694041867955 0.7404666666666667 0.327938808373591 0.5137333333333334
0 0.7731884057971015 0.5062666666666668 0.11077294685990333 0.16538666666666668
0 0.7036594202898551 0.4865733333333333 0.11664251207729469 0.16178666666666672
0 0.3828301127214171 0.5568 0.08169887278582932 0.2061866666666667
0 0.4105837359098229 0.51944 0.05917069243156205 0.14656000000000002
