0 0.10601851851851853 0.6625733333333333 0.21203703703703705 0.3405599999999999
0 0.1697866344605475 0.6337866666666667 0.25805958132045087 0.2800533333333334
0 0.21233091787439615 0.5974533333333334 0.20224637681159421 0.22904000000000002
0 0.83768115942029 0.7446 0.32302737520128827 0.5054666666666667
0 0.5891626409017714 0.5891733333333333 0.07012882447665049 0.16239999999999993
0 0.2870652173913043 0.5825066666666666 0.1392673107890499 0.1879466666666667
0 0.3386755233494364 0.5508933333333332 0.09102254428341386 0.14088000000000003
0 0.6393639291465378 0.5476933333333333 0.09658615136876009 0.1044533333333333
0 0.37197665056360707 0.5053733333333332 0.07880032206119163 0.13656000000000001
0 0.4007407407407408 0.5178933333333333 0.0624154589371981 0.06965333333333334
0 0.41608293075684377 0.5107866666666667 0.05553140096618355 0.0766133333333333
