0 0.1328341384863124 0.7576 0.2656682769726248 0.4794666666666667
0 0.28322866344605474 0.6515866666666665 0.16568438003220615 0.31527999999999995
0 0.9088607085346214 0.5117466666666667 0.11865539452495984 0.23864000000000002
0 0.7981521739130434 0.52808 0.10710950080515295 0.18938666666666662
0 0.7424637681159421 0.5188266666666667 0.08993558776167475 0.1650666666666666
0 0.7198671497584541 0.5147733333333334 0.08892914653784213 0.13957333333333333
0 0.6952979066022544 0.5086133333333333 0.08561996779388087 0.12981333333333334
0 0.6788848631239935 0.50968 0.0855475040257649 0.10741333333333333
0 0.5857125603864733 0.5608 0.0729227053140097 0.19125333333333333
0 0.5651650563607085 0.54464 0.049299516908212486 0.12021333333333337
0 0.3955555555555556 0.5438933333333332 0.06450885668276973 0.14837333333333336
0 0.6155354267310789 0.48758666666666667 0.0631803542673108 0.09202666666666665
