0 0.6051248992747784 0.5901462765957447 0.08644641418211117 0.19555851063829793
0 0.04879129734085415 0.7857712765957446 0.0975825946817083 0.4231382978723404
0 0.32137389202256245 0.6089627659574469 0.12057211925866236 0.2686170212765958
0 0.5340894439967768 0.5108244680851064 0.03320709105560026 0.08207446808510642
0 0.1377719580983078 0.6125930851063829 0.16414987912973406 0.24598404255319142
0 0.3810596293311845 0.5552260638297872 0.06767929089443997 0.15103723404255318
0 0.28705479452054794 0.5582313829787233 0.07043513295729252 0.12742021276595744
0 0.33817888799355356 0.5338164893617021 0.04456083803384368 0.0899734042553191
0 0.4295286059629332 0.5094281914893617 0.02590652699435937 0.06188829787234045
0 0.48419016921837227 0.5022606382978723 0.020805801772763848 0.06446808510638301
0 0.5056244963738921 0.4915425531914893 0.011925866236905685 0.03968085106382975
