0 0.4951731078904993 0.5510933333333333 0.042971014492753624 0.11738666666666661
0 0.2692552334943639 0.6226933333333333 0.16802737520128824 0.26736
0 0.3164009661835749 0.586 0.12700483091787435 0.21439999999999992
0 0.3629911433172303 0.5511333333333334 0.09061996779388085 0.13224
1 0.6537842190016103 0.58784 0.03542673107890499 0.2408533333333334
0 0.9196095008051529 0.6265999999999999 0.15917069243156204 0.32290666666666656
0 0.49159420289855066 0.5160266666666666 0.026779388083735995 0.08090666666666667
0 0.10495571658615135 0.5311066666666667 0.12010466988727857 0.15629333333333328
0 0.18476650563607083 0.5278266666666667 0.07103059581320449 0.0950666666666666
1 0.20994363929146537 0.5018666666666666 0.013687600644122383 0.1146133333333333
1 0.24995974235104668 0.5014533333333333 0.00913043478260872 0.07704000000000004
