0 0.49737117552334936 0.5314933333333334 0.04298711755233493 0.11573333333333327
0 0.1988768115942029 0.6433466666666666 0.15061996779388084 0.2834399999999999
0 0.26252818035426734 0.58816 0.1397584541062802 0.23605333333333328
0 0.33027777777777784 0.54604 0.09458132045088564 0.13063999999999995
0 0.43019323671497584 0.5532933333333333 0.05346215780998388 0.12824
0 0.4468276972624799 0.5322933333333334 0.04322061191626405 0.11146666666666662
0 0.3854468599033817 0.5127466666666667 0.0741626409017713 0.09866666666666667
0 0.6268317230273752 0.6155999999999999 0.10623993558776171 0.24383999999999997
1 0.6631481481481482 0.5421333333333334 0.017713365539452495 0.20053333333333337
0 0.5378260869565218 0.50512 0.02956521739130437 0.0810133333333334
0 0.4914935587761674 0.5072933333333334 0.02815619967793874 0.08509333333333333
0 0.19766505636070852 0.5249066666666666 0.06856682769726248 0.10202666666666664
