0 0.56522159548751 0.5476994680851064 0.05382755842062858 0.1290159574468085
0 0.5141740531829169 0.5022739361702128 0.022046736502820317 0.057047872340425576
0 0.14962530217566478 0.7542021276595744 0.29925060435132955 0.48627659574468085
0 0.06716760676873489 0.6703191489361702 0.13433521353746977 0.3243617021276595
0 0.3582232070910556 0.5577127659574468 0.07212731668009668 0.16430851063829788
0 0.247232070910556 0.5591489361702128 0.08838839645447222 0.148031914893617
0 0.4066720386784851 0.5232579787234043 0.03909750201450446 0.0860904255319149
0 0.4316438356164384 0.5123404255319148 0.02246575342465753 0.06393617021276593
0 0.48459709911361804 0.5104787234042553 0.025358581788879956 0.0785638297872341
0 0.3877115229653505 0.5081382978723404 0.02884770346494763 0.061170212765957445
