2 0.8588153594771243 0.5058378378378379 0.08580065359477132 0.2702162162162163
1 0.798888888888889 0.4841621621621622 0.021241830065359478 0.17394594594594592
1 0.23225898692810457 0.6833648648648649 0.09177287581699345 0.6278648648648649
1 0.1176388888888889 0.671918918918919 0.09014705882352941 0.6507567567567568
1 0.1991544117647059 0.6484054054054055 0.09531862745098041 0.6977837837837838
1 0.6276674836601307 0.5403243243243244 0.02097222222222228 0.23951351351351347
2 0.7970710784313726 0.5071891891891892 0.0735866013071895 0.2104864864864865
1 0.8771486928104576 0.5299054054054054 0.035408496732026076 0.29759459459459464
1 0.8970465686274511 0.526108108108108 0.03703431372549033 0.3533513513513513
1 0.8834395424836601 0.5449459459459459 0.026143790849673203 0.28216216216216217
