0 0.48539855072463767 0.5356933333333332 0.04567632850241547 0.12295999999999996
0 0.2013808373590982 0.6921999999999999 0.21292270531400964 0.38466666666666666
0 0.2582850241545893 0.61648 0.17144927536231883 0.27199999999999996
0 0.3423027375201288 0.5545466666666666 0.09993558776167472 0.14616
0 0.38194847020933975 0.5272666666666667 0.081256038647343 0.11730666666666668
0 0.4290539452495974 0.5036266666666667 0.05693236714975848 0.07866666666666666
0 0.6854388083735911 0.6369466666666667 0.1514251207729469 0.29111999999999993
0 0.5604790660225443 0.53408 0.04239130434782616 0.09935999999999998
0 0.4901006441223833 0.51516 0.029589371980676328 0.08941333333333333
0 0.0806561996779388 0.54868 0.09875201288244767 0.12792
0 0.21186795491143315 0.5193333333333333 0.06557165861513689 0.08757333333333327
