0 0.49580515297906597 0.5369333333333334 0.0484702093397745 0.13040000000000002
0 0.09750805152979067 0.7559066666666667 0.19501610305958134 0.4828533333333333
0 0.25554750402576487 0.5669733333333333 0.12268921095008051 0.21426666666666663
0 0.37543478260869567 0.6135466666666667 0.11439613526570051 0.22944000000000006
0 0.40842995169082125 0.5601999999999999 0.06289855072463774 0.17416
0 0.3525644122383253 0.5246133333333333 0.07696457326892112 0.11317333333333332
1 0.792902576489533 0.74124 0.07863929146537829 0.5121866666666667
0 0.7153623188405798 0.7137199999999999 0.21993558776167468 0.4449866666666666
0 0.6244726247987118 0.6133599999999999 0.11572463768115944 0.23450666666666672
0 0.5824194847020934 0.54064 0.06553140096618357 0.17237333333333338
0 0.5304267310789049 0.5099866666666667 0.029871175523349454 0.07565333333333334
0 0.4886070853462157 0.508 0.030515297906602235 0.09221333333333329
0 0.17031803542673107 0.5183333333333333 0.0763526570048309 0.10338666666666661
