0 0.5004307568438003 0.56528 0.05327697262479868 0.14549333333333334
0 0.19334943639291463 0.6791066666666667 0.2063123993558776 0.43106666666666665
0 0.26739935587761676 0.6246533333333333 0.16972624798711755 0.26418666666666657
0 0.3194806763285024 0.5990533333333332 0.1477375201288245 0.20456000000000002
0 0.3851972624798712 0.5527333333333333 0.08603059581320453 0.14034666666666665
0 0.4270652173913043 0.5179199999999999 0.05883252818035431 0.07930666666666669
0 0.6260305958132045 0.5869733333333333 0.08524959742351046 0.1758666666666667
0 0.5889009661835749 0.53828 0.057898550724637655 0.14194666666666664
1 0.5559219001610305 0.5330133333333333 0.014758454106280227 0.12010666666666664
0 0.4961030595813205 0.5240266666666666 0.03125603864734303 0.09445333333333329
0 0.18526972624798713 0.52148 0.08623993558776169 0.11175999999999998
