0 0.6489694041867955 0.6325466666666666 0.1454106280193237 0.32503999999999994
0 0.09452898550724638 0.6352133333333333 0.18905797101449276 0.23810666666666672
0 0.8751972624798711 0.7520399999999999 0.2479951690821256 0.49058666666666667
0 0.5938204508856684 0.55768 0.07517713365539452 0.19530666666666668
0 0.343377616747182 0.5913466666666667 0.08340579710144926 0.1840799999999999
0 0.379182769726248 0.54712 0.05888083735909822 0.1576
0 0.5555354267310788 0.5296000000000001 0.04719001610305959 0.12490666666666667
0 0.40962157809983896 0.5289066666666666 0.043011272141706934 0.12170666666666663
0 0.5499919484702093 0.5127466666666667 0.04441223832528178 0.09530666666666669
0 0.4401046698872786 0.49998666666666663 0.01977455716586147 0.04226666666666665
