0 0.49050724637681165 0.54452 0.04537842190016104 0.12258666666666666
0 0.11721417069243158 0.7470799999999999 0.23442834138486315 0.5005066666666667
0 0.24223429951690822 0.6264133333333334 0.1907326892109501 0.4000266666666667
0 0.3354951690821256 0.5803866666666666 0.12487117552334946 0.17837333333333336
0 0.3505475040257649 0.5539866666666666 0.10800322061191625 0.15213333333333337
0 0.3846698872785829 0.5283999999999999 0.07297906602254432 0.10090666666666667
0 0.40770933977455714 0.50808 0.062359098228663486 0.08751999999999997
0 0.6008172302737519 0.5636666666666666 0.07335748792270533 0.15896000000000002
0 0.5460829307568438 0.5168266666666667 0.030555555555555593 0.07594666666666672
0 0.48760869565217385 0.50752 0.0296779388083736 0.08586666666666663
0 0.04108695652173913 0.5607333333333333 0.08217391304347826 0.17613333333333336
0 0.12352254428341386 0.5258799999999999 0.09794685990338164 0.1484
