0 0.06541062801932367 0.7479733333333334 0.13082125603864733 0.49872
0 0.13052334943639293 0.6309866666666667 0.2533333333333333 0.3125333333333334
0 0.1888083735909823 0.5645733333333334 0.2207246376811594 0.31282666666666664
2 0.40736312399355884 0.5414133333333333 0.019524959742351092 0.14042666666666673
0 0.8909983896940418 0.7111866666666666 0.2163929146537842 0.4317599999999999
0 0.835438808373591 0.6546533333333333 0.21462962962962967 0.32071999999999995
0 0.764706119162641 0.6183866666666666 0.21888083735909825 0.26631999999999995
0 0.7052294685990338 0.5911733333333333 0.18256843800322062 0.19733333333333333
0 0.6803743961352657 0.55744 0.14303542673107889 0.20442666666666665
0 0.32377616747181964 0.5441333333333334 0.11326892109500805 0.12224
0 0.34769726247987115 0.5345466666666667 0.09429951690821256 0.10882666666666667
0 0.527914653784219 0.52576 0.038872785829307546 0.09509333333333332
0 0.5099074074074075 0.5033333333333333 0.022310789049919424 0.06271999999999994
