2 0.44349033816425126 0.5869733333333333 0.04345410628019317 0.26743999999999996
0 0.9364774557165861 0.7313066666666667 0.12543478260869562 0.5320533333333334
0 0.6806884057971014 0.72512 0.24456521739130435 0.4791466666666666
0 0.11074074074074074 0.71692 0.22148148148148147 0.37944000000000006
0 0.537721417069243 0.5757466666666666 0.09734299516908211 0.23831999999999992
0 0.497037037037037 0.5563066666666667 0.07289855072463775 0.16594666666666663
0 0.2648188405797101 0.5915066666666666 0.06707729468599034 0.15805333333333327
1 0.644891304347826 0.5362533333333334 0.0254991948470209 0.21976000000000007
0 0.2872222222222222 0.5606933333333333 0.04930756843800323 0.11722666666666669
0 0.4693800322061192 0.5397866666666666 0.04647342995169084 0.11413333333333328
