1 0.7318053311793214 0.6805882352941177 0.08616316639741516 0.633475935828877
1 0.8433521809369952 0.5824197860962567 0.05896607431340863 0.5477272727272727
1 0.9916195476575121 0.5945320855614974 0.015145395799676898 0.528422459893048
1 0.4245153473344103 0.5471524064171123 0.0191114701130856 0.2270855614973262
1 0.401518578352181 0.5467245989304812 0.02234248788368338 0.21526737967914436
1 0.4762035541195477 0.5267647058823529 0.019919224555735034 0.18898395721925135
1 0.4991357027463651 0.4988636363636363 0.013327948303715672 0.14066844919786092
1 0.5159854604200323 0.5245454545454545 0.014814216478190657 0.18171122994652408
1 0.5726696284329563 0.49620320855614974 0.01669628432956378 0.1592513368983957
0 0.450096930533118 0.47921122994652404 0.02494345718901454 0.06451871657754009
1 0.3916882067851373 0.5265775401069518 0.03315024232633281 0.18208556149732624
1 0.5399919224555735 0.515427807486631 0.01373182552504039 0.16278074866310158
