Car 0.0 0 1.20 567.57 179.14 641.57 244.10 1.55 1.56 3.47 -0.18 1.44 19.25 1.20 0.12
Car 0.0 0 -1.56 459.48 178.21 515.13 228.21 1.55 1.56 3.52 -4.18 1.37 24.51 -1.72 0.07
Car 0.0 0 1.59 286.11 181.49 373.41 233.00 1.52 1.57 3.79 -9.49 1.50 24.59 1.23 0.05
Car 0.0 0 1.08 174.43 182.78 321.87 275.35 1.55 1.59 3.78 -7.15 1.57 13.97 0.61 0.09
Car 0.0 0 0.90 209.71 160.54 359.52 242.46 1.54 1.61 3.89 -6.74 1.05 14.72 0.48 0.07
Car 0.0 0 2.07 177.13 180.93 341.75 268.74 1.58 1.65 3.98 -7.34 1.58 15.15 1.62 0.07
Car 0.0 0 1.43 362.36 181.10 417.44 214.94 1.56 1.59 3.84 -10.91 1.42 35.87 1.14 0.02
Car 0.0 0 -0.99 -32.34 200.97 229.99 324.29 1.56 1.66 4.04 -7.36 1.83 10.39 -1.60 0.07
Car 0.0 0 1.49 379.19 181.80 430.20 213.30 1.56 1.59 3.85 -10.64 1.44 37.66 1.21 0.02
Car 0.0 0 2.12 -49.92 161.15 155.64 278.75 1.54 1.60 3.81 -7.53 1.17 9.81 1.47 0.06
Car 0.0 0 2.15 17.59 201.97 256.59 315.00 1.54 1.63 3.98 -7.17 1.83 11.05 1.58 0.06
