Car 0.0 0 0.90 174.27 179.48 378.91 269.06 1.58 1.69 4.18 -6.31 1.71 13.41 0.46 0.08
Car 0.0 0 0.92 697.66 182.01 797.03 228.53 1.57 1.63 3.98 5.11 1.99 27.08 1.11 0.04
Car 0.0 0 1.35 638.13 182.29 678.42 211.42 1.61 1.64 3.95 2.75 2.21 41.84 1.42 0.02
Car 0.0 0 0.88 909.25 185.44 1190.91 307.24 1.58 1.71 4.21 5.83 1.73 9.91 1.41 0.07
Car 0.0 0 0.95 772.03 181.87 944.00 266.42 1.56 1.63 3.97 4.79 1.76 14.45 1.28 0.05
Car 0.0 0 2.22 375.90 174.79 529.12 247.68 1.58 1.66 4.05 -3.96 1.70 17.89 2.01 0.04
Car 0.0 0 -1.01 339.50 180.47 507.38 247.49 1.59 1.69 4.17 -5.10 1.90 19.70 -1.26 0.04
Car 0.0 0 0.91 309.73 179.72 494.27 258.13 1.59 1.68 4.14 -4.88 1.83 16.75 0.63 0.04
Car 0.0 0 2.10 744.90 179.18 870.22 242.48 1.55 1.61 3.91 5.42 1.79 19.80 2.37 0.04
Car 0.0 0 0.98 530.63 175.94 591.32 201.95 1.60 1.66 4.06 -2.79 1.74 40.60 0.91 0.02
