Car 0.0 0 -1.64 684.23 181.47 752.88 239.33 1.53 1.54 3.51 3.10 1.85 21.40 -1.50 0.06
Car 0.0 0 1.06 770.83 181.07 1014.53 325.57 1.54 1.59 3.75 3.08 1.63 8.54 1.41 0.12
Car 0.0 0 1.53 694.09 170.78 799.61 235.75 1.54 1.59 3.81 3.66 1.56 19.50 1.72 0.06
Car 0.0 0 0.90 188.59 177.25 412.73 281.44 1.54 1.64 4.03 -4.63 1.54 10.55 0.49 0.09
Car 0.0 0 2.20 400.66 167.17 533.02 232.86 1.55 1.63 3.98 -3.79 1.45 18.92 2.00 0.06
Car 0.0 0 0.92 175.11 178.43 390.88 278.89 1.56 1.66 4.05 -5.44 1.63 11.67 0.49 0.08
Car 0.0 0 0.89 292.95 172.81 482.30 259.57 1.56 1.66 4.07 -4.25 1.55 13.51 0.59 0.06
Car 0.0 0 0.88 278.41 175.93 465.62 264.94 1.56 1.64 4.02 -4.67 1.65 13.92 0.56 0.06
Car 0.0 0 -0.47 447.05 174.54 549.04 213.43 1.56 1.63 4.02 -4.65 1.68 29.82 -0.62 0.03
Car 0.0 0 0.91 132.52 181.18 351.61 273.43 1.59 1.70 4.18 -6.71 1.73 12.95 0.43 0.05
Car 0.0 0 1.02 511.62 169.00 578.67 201.95 1.56 1.60 3.90 -3.08 1.39 33.92 0.93 0.02
