Car 0.0 0 2.22 326.76 172.40 489.42 251.46 1.58 1.66 4.06 -4.77 1.66 16.97 1.95 0.07
Car 0.0 0 -1.00 373.92 168.46 514.34 237.17 1.57 1.64 3.97 -4.44 1.56 19.15 -1.22 0.04
Car 0.0 0 -0.47 856.13 164.99 1111.74 277.28 1.57 1.68 4.11 5.68 1.47 10.97 0.02 0.06
Car 0.0 0 0.94 473.57 169.94 563.01 210.06 1.55 1.61 3.94 -3.99 1.52 31.05 0.82 0.03
Car 0.0 0 2.15 133.84 178.48 351.17 290.28 1.51 1.58 3.82 -5.33 1.58 10.46 1.68 0.07
Car 0.0 0 -1.00 306.25 174.66 463.12 246.31 1.58 1.66 4.04 -5.90 1.75 18.85 -1.30 0.04
Car 0.0 0 1.48 622.67 154.23 700.57 211.23 1.57 1.60 3.82 1.71 1.09 24.52 1.55 0.03
Car 0.0 0 0.98 500.65 168.58 573.45 202.70 1.54 1.59 3.88 -3.38 1.37 33.25 0.88 0.02
Car 0.0 0 1.01 839.22 197.03 1159.88 379.53 1.58 1.64 3.83 4.03 1.95 8.06 1.48 0.07
Car 0.0 0 -0.45 802.23 172.42 1050.02 267.25 1.57 1.70 4.25 5.31 1.55 12.25 -0.04 0.05
