Car 0.0 0 1.25 660.12 173.80 727.04 230.27 1.54 1.56 3.53 2.42 1.60 21.52 1.36 0.10
Car 0.0 0 1.32 716.03 182.04 845.16 275.23 1.54 1.57 3.69 2.81 1.70 12.87 1.54 0.13
Car 0.0 0 0.87 48.03 173.68 282.80 276.97 1.59 1.70 4.20 -7.13 1.58 11.46 0.32 0.08
Car 0.0 0 0.90 383.95 173.56 512.59 232.32 1.54 1.61 3.94 -4.74 1.62 20.90 0.68 0.05
Car 0.0 0 0.92 99.62 176.76 342.82 292.03 1.54 1.64 4.00 -5.40 1.52 9.57 0.41 0.08
Car 0.0 0 -0.46 262.44 164.88 471.35 249.68 1.59 1.70 4.21 -5.11 1.49 15.00 -0.79 0.05
Car 0.0 0 0.92 30.27 177.31 229.71 273.35 1.53 1.62 3.96 -7.98 1.56 11.73 0.33 0.06
Car 0.0 0 1.02 496.29 170.79 570.33 208.36 1.55 1.59 3.86 -3.42 1.52 31.87 0.92 0.03
Car 0.0 0 1.39 635.79 174.58 689.41 213.12 1.59 1.62 3.90 2.42 1.79 34.16 1.47 0.02
Car 0.0 0 -0.98 425.47 173.83 530.79 222.70 1.55 1.60 3.90 -4.85 1.71 26.50 -1.16 0.03
Car 0.0 0 1.03 462.29 170.89 550.59 216.90 1.55 1.60 3.86 -4.09 1.60 28.20 0.89 0.03
