Car 0.0 0 2.19 223.06 194.03 384.53 281.57 1.66 1.74 4.25 -6.87 2.22 16.53 1.80 0.12
Car 0.0 0 -1.61 676.11 178.18 743.83 234.89 1.52 1.54 3.48 2.90 1.74 21.68 -1.47 0.07
Car 0.0 0 1.50 463.01 179.61 517.01 216.81 1.56 1.59 3.85 -5.71 1.98 34.29 1.34 0.04
Car 0.0 0 2.25 793.78 154.93 958.98 230.42 1.60 1.69 4.18 6.13 1.21 16.58 2.60 0.07
Car 0.0 0 -0.44 936.61 156.71 1191.77 249.97 1.62 1.77 4.43 8.71 1.37 13.89 0.12 0.06
Car 0.0 0 2.07 -63.30 228.21 267.12 420.83 1.63 1.68 3.91 -6.12 2.53 8.89 1.47 0.09
Car 0.0 0 2.09 -88.79 233.15 254.54 431.84 1.64 1.69 3.93 -6.55 2.67 9.08 1.47 0.08
Car 0.0 0 2.04 93.84 211.93 344.85 358.01 1.54 1.59 3.73 -4.84 2.08 9.09 1.56 0.08
Car 0.0 0 2.04 -127.74 246.53 169.29 430.47 1.59 1.62 3.73 -7.14 2.65 8.68 1.36 0.08
Car 0.0 0 1.97 376.37 187.19 460.70 240.62 1.59 1.62 3.91 -7.16 2.30 27.17 1.71 0.03
Car 0.0 0 2.19 874.34 147.38 1050.95 230.16 1.54 1.62 3.97 6.89 1.04 14.14 2.64 0.05
Car 0.0 0 2.07 -123.60 240.15 203.70 430.82 1.61 1.65 3.84 -6.92 2.66 8.88 1.41 0.07
