Car 0.0 0 1.37 718.53 186.79 802.51 252.29 1.53 1.56 3.63 3.96 1.99 19.48 1.57 0.09
Car 0.0 0 -1.64 659.19 174.08 706.07 213.88 1.59 1.61 3.80 3.10 1.72 31.73 -1.54 0.04
Car 0.0 0 1.41 541.55 179.75 586.61 214.50 1.57 1.60 3.82 -2.29 1.99 35.84 1.35 0.03
Car 0.0 0 2.07 500.15 170.20 588.46 217.71 1.55 1.60 3.88 -2.43 1.54 26.67 1.98 0.04
Car 0.0 0 0.89 356.50 172.00 509.50 242.99 1.56 1.64 4.01 -4.41 1.60 17.75 0.65 0.05
Car 0.0 0 1.01 767.11 204.95 1068.54 377.48 1.59 1.65 3.87 3.38 2.08 8.59 1.40 0.08
Car 0.0 0 0.90 256.80 177.22 476.77 272.10 1.55 1.65 4.08 -4.17 1.59 12.01 0.57 0.06
Car 0.0 0 1.03 764.14 202.60 1103.82 399.31 1.66 1.71 3.97 3.60 2.23 8.69 1.43 0.07
Car 0.0 0 0.96 474.86 173.89 567.43 215.01 1.54 1.60 3.91 -3.69 1.68 29.87 0.84 0.03
Car 0.0 0 -1.00 383.46 173.85 510.29 230.87 1.55 1.62 3.95 -5.03 1.68 22.21 -1.22 0.03
