Car 0.0 0 1.32 703.08 180.48 790.98 249.01 1.53 1.55 3.60 3.24 1.75 17.80 1.51 0.10
Car 0.0 0 -1.83 762.67 200.87 964.27 353.91 1.50 1.50 3.40 2.72 1.89 8.58 -1.51 0.11
Car 0.0 0 -1.66 655.72 171.34 702.30 209.09 1.59 1.61 3.84 3.06 1.59 33.10 -1.57 0.03
Car 0.0 0 1.26 761.34 192.68 957.63 328.82 1.53 1.55 3.58 2.81 1.77 8.98 1.57 0.10
Car 0.0 0 2.06 512.39 168.19 592.35 211.68 1.54 1.59 3.85 -2.33 1.45 29.01 1.98 0.03
Car 0.0 0 2.17 379.36 170.68 515.60 236.11 1.55 1.62 3.95 -4.37 1.56 19.26 1.95 0.04
Car 0.0 0 2.13 401.16 172.62 515.80 224.21 1.54 1.60 3.91 -5.21 1.65 24.80 1.92 0.03
Car 0.0 0 0.91 168.09 172.76 413.50 289.16 1.56 1.66 4.05 -4.63 1.52 10.03 0.48 0.07
Car 0.0 0 -0.46 274.51 178.05 481.31 259.09 1.60 1.72 4.25 -5.16 1.79 15.93 -0.77 0.05
Car 0.0 0 0.93 4.47 162.14 165.37 247.91 1.55 1.61 3.90 -10.66 1.36 14.42 0.30 0.05
Car 0.0 0 -0.46 468.08 170.13 582.38 216.55 1.57 1.64 4.03 -3.24 1.57 27.48 -0.58 0.03
