Car 0.0 0 1.58 399.60 182.32 494.39 248.04 1.57 1.61 3.86 -4.73 1.96 20.87 1.36 0.09
Car 0.0 0 1.60 450.14 179.97 527.85 232.71 1.58 1.62 3.89 -4.24 1.93 25.42 1.44 0.07
Car 0.0 0 1.50 541.28 174.37 586.40 206.04 1.59 1.63 3.96 -2.54 1.77 39.69 1.44 0.04
Car 0.0 0 1.41 716.61 175.65 813.91 247.12 1.55 1.58 3.73 3.72 1.68 17.82 1.61 0.07
Car 0.0 0 1.43 767.07 179.70 890.73 260.84 1.54 1.58 3.76 4.74 1.78 16.10 1.72 0.07
Car 0.0 0 1.39 693.98 173.82 772.87 232.04 1.52 1.55 3.70 3.73 1.67 22.42 1.56 0.05
Car 0.0 0 1.54 491.74 180.23 542.18 214.93 1.57 1.61 3.88 -4.63 2.02 36.08 1.41 0.03
Car 0.0 0 1.38 684.69 174.48 750.52 222.00 1.54 1.57 3.75 4.00 1.73 27.51 1.53 0.03
Car 0.0 0 1.32 683.12 173.55 736.77 214.67 1.58 1.61 3.85 4.35 1.74 32.15 1.46 0.03
Car 0.0 0 0.96 723.22 177.70 866.57 254.04 1.56 1.62 3.92 4.27 1.75 17.00 1.21 0.05
