Car 0.0 0 -1.61 674.67 179.79 745.12 240.83 1.52 1.52 3.39 2.67 1.76 19.95 -1.48 0.08
Car 0.0 0 1.03 108.95 162.83 434.21 350.92 1.63 1.68 3.92 -4.22 1.66 8.45 0.57 0.09
Car 0.0 0 -0.46 281.71 176.03 488.94 252.65 1.61 1.73 4.32 -5.29 1.76 16.90 -0.76 0.05
Car 0.0 0 -1.66 669.93 170.38 733.69 218.85 1.54 1.56 3.71 3.16 1.53 25.57 -1.53 0.03
Car 0.0 0 0.88 341.94 172.80 538.88 248.59 1.59 1.71 4.25 -4.00 1.66 16.82 0.65 0.05
Car 0.0 0 -1.71 752.72 201.53 986.79 371.91 1.50 1.50 3.37 2.81 1.94 8.30 -1.38 0.08
Car 0.0 0 -0.47 255.16 174.62 454.47 255.68 1.60 1.70 4.21 -5.67 1.71 15.90 -0.81 0.05
Car 0.0 0 -0.45 463.90 172.94 563.80 213.14 1.58 1.65 4.04 -4.25 1.70 31.83 -0.58 0.02
Car 0.0 0 0.95 138.46 163.66 329.21 256.74 1.52 1.61 3.92 -6.63 1.33 12.14 0.45 0.06
Car 0.0 0 1.91 659.18 171.29 846.33 292.96 1.51 1.54 3.61 2.16 1.53 10.50 2.12 0.06
Car 0.0 0 0.90 382.95 167.37 562.65 237.97 1.59 1.70 4.21 -3.46 1.51 17.78 0.72 0.04
