Car 0.0 0 1.38 868.51 171.65 930.36 218.09 1.55 1.59 3.79 11.09 1.61 27.87 1.76 0.06
Car 0.0 0 1.94 535.95 175.31 759.26 326.41 1.58 1.61 3.74 0.53 1.64 8.99 2.01 0.16
Car 0.0 0 -1.59 1035.05 187.54 1106.89 249.85 1.53 1.54 3.44 12.54 1.99 19.79 -1.03 0.08
Car 0.0 0 1.48 737.03 178.33 852.54 260.00 1.57 1.60 3.77 4.36 1.84 17.31 1.73 0.07
Car 0.0 0 1.37 1004.72 177.13 1048.79 209.88 1.58 1.61 3.86 20.95 1.84 36.34 1.89 0.02
Car 0.0 0 2.13 195.84 191.71 590.83 413.69 1.73 1.78 4.17 -2.72 2.34 9.22 1.85 0.07
Car 0.0 0 2.12 34.89 199.28 415.70 412.33 1.72 1.78 4.16 -4.90 2.41 9.40 1.65 0.07
Car 0.0 0 1.48 899.27 178.22 951.52 208.51 1.57 1.61 3.91 16.95 1.90 38.81 1.90 0.02
Car 0.0 0 2.08 312.77 204.68 621.11 376.34 1.57 1.63 3.83 -1.71 2.14 9.07 1.91 0.07
Car 0.0 0 1.98 -6.66 198.90 253.97 357.02 1.51 1.54 3.58 -5.67 1.88 8.49 1.40 0.07
