Car 0.0 0 1.26 734.94 186.10 862.19 288.60 1.52 1.53 3.47 3.13 1.83 12.77 1.51 0.10
Car 0.0 0 1.38 723.14 167.48 842.09 249.48 1.54 1.58 3.73 3.38 1.45 14.73 1.61 0.07
Car 0.0 0 0.97 501.18 167.33 573.92 203.81 1.54 1.59 3.87 -3.35 1.35 32.98 0.87 0.03
Car 0.0 0 -1.75 726.53 173.87 855.35 269.04 1.51 1.53 3.54 3.08 1.58 13.15 -1.51 0.07
Car 0.0 0 2.20 286.82 169.48 485.86 255.78 1.57 1.68 4.15 -4.24 1.50 13.73 1.90 0.06
Car 0.0 0 -1.02 781.10 181.48 919.02 246.37 1.58 1.65 4.00 6.74 1.93 20.27 -0.69 0.04
Car 0.0 0 0.92 -27.80 175.50 296.18 342.03 1.62 1.71 4.09 -6.32 1.80 9.33 0.33 0.08
Car 0.0 0 1.36 625.01 159.07 685.83 206.15 1.58 1.60 3.82 1.64 1.15 27.53 1.42 0.03
Car 0.0 0 0.90 -57.59 180.92 249.70 325.79 1.59 1.71 4.17 -6.59 1.69 8.81 0.26 0.07
Car 0.0 0 -0.47 442.59 171.73 553.55 215.19 1.57 1.65 4.05 -4.62 1.65 29.74 -0.62 0.03
Car 0.0 0 0.89 261.55 169.16 476.80 254.83 1.57 1.69 4.22 -4.51 1.47 13.21 0.56 0.05
Car 0.0 0 0.89 -40.30 178.73 275.76 328.19 1.61 1.72 4.19 -6.46 1.72 9.04 0.28 0.07
Car 0.0 0 0.96 421.45 171.91 535.60 223.52 1.57 1.63 3.97 -4.73 1.67 25.92 0.78 0.03
