Car 0.0 0 1.94 274.90 177.03 382.91 245.81 1.55 1.59 3.80 -7.71 1.80 19.87 1.57 0.05
Car 0.0 0 0.91 719.35 184.09 920.92 272.90 1.58 1.69 4.15 3.77 1.79 13.59 1.19 0.07
Car 0.0 0 -0.46 126.73 184.10 340.98 269.96 1.61 1.72 4.27 -7.87 1.90 15.03 -0.94 0.06
Car 0.0 0 1.35 454.76 181.74 497.91 212.26 1.59 1.62 3.91 -7.18 2.09 38.40 1.17 0.02
Car 0.0 0 -0.46 95.97 187.80 318.65 273.33 1.60 1.72 4.29 -8.01 1.91 14.26 -0.97 0.06
Car 0.0 0 0.90 161.29 182.03 374.92 274.21 1.56 1.66 4.10 -6.23 1.73 12.94 0.45 0.06
Car 0.0 0 1.01 -37.65 194.67 162.57 306.52 1.53 1.59 3.81 -8.64 1.88 11.03 0.35 0.07
Car 0.0 0 0.92 682.21 186.45 860.11 268.20 1.56 1.65 4.03 3.12 1.82 14.29 1.14 0.05
Car 0.0 0 0.89 -11.25 206.90 230.04 313.89 1.53 1.64 4.01 -7.60 2.02 10.81 0.28 0.06
Car 0.0 0 1.44 331.87 176.08 390.86 220.44 1.53 1.55 3.69 -9.87 1.77 28.66 1.11 0.03
